PVID,metricname,seen_num,seen_denom,ptsseen_avg,all_num,all_denom,ptsall_avg,seen_norptid,all_norptid,metricarea_id,db_rsid,lastupdate,seen_num_over_denom,all_num_over_denom,
1.69943389735972E+15,COLORECTAL,384,677,56.7208271787296898,442,887,49.8308906426155581,6564,6565,273,1,1/1/2017 11:42:44 PM,0.5672082717872968980,0.4983089064261555806,
1.69943389735972E+15,COLORECTAL,384,677,56.7208271787296898,442,887,49.8308906426155581,6564,6565,273,1,1/2/2017 11:44:21 PM,0.5672082717872968980,0.4983089064261555806,
1.69943389735972E+15,COLORECTAL,384,677,56.7208271787296898,443,888,49.8873873873873874,6564,6565,273,1,1/3/2017 11:39:02 PM,0.5672082717872968980,0.4988738738738738738,
1.69943389735972E+15,COLORECTAL,383,675,56.7407407407407407,443,888,49.8873873873873874,6564,6565,273,1,1/4/2017 11:37:14 PM,0.5674074074074074074,0.4988738738738738738,
1.69943389735972E+15,COLORECTAL,384,678,56.6371681415929204,443,889,49.8312710911136108,6564,6565,273,1,1/5/2017 11:42:58 PM,0.5663716814159292035,0.4983127109111361079,
1.69943389735972E+15,COLORECTAL,384,678,56.6371681415929204,443,889,49.8312710911136108,6564,6565,273,1,1/6/2017 11:42:50 PM,0.5663716814159292035,0.4983127109111361079,
1.69943389735972E+15,COLORECTAL,384,677,56.7208271787296898,444,890,49.8876404494382022,6564,6565,273,1,1/8/2017 11:42:46 PM,0.5672082717872968980,0.4988764044943820224,
1.69943389735972E+15,COLORECTAL,387,678,57.0796460176991150,446,890,50.1123595505617978,6564,6565,273,1,1/9/2017 11:42:11 PM,0.5707964601769911504,0.5011235955056179775,
1.69943389735972E+15,COLORECTAL,387,679,56.9955817378497791,446,890,50.1123595505617978,6564,6565,273,1,1/10/2017 11:46:16 PM,0.5699558173784977908,0.5011235955056179775,
1.69943389735972E+15,COLORECTAL,389,681,57.1218795888399413,450,894,50.3355704697986577,6564,6565,273,1,1/11/2017 11:41:28 PM,0.5712187958883994126,0.5033557046979865771,
1.69943389735972E+15,COLORECTAL,389,681,57.1218795888399413,450,895,50.2793296089385475,6564,6565,273,1,1/12/2017 11:42:05 PM,0.5712187958883994126,0.5027932960893854748,
1.69943389735972E+15,COLORECTAL,391,681,57.4155653450807636,451,895,50.3910614525139665,6564,6565,273,1,1/13/2017 11:45:01 PM,0.5741556534508076358,0.5039106145251396648,
1.69943389735972E+15,COLORECTAL,392,679,57.7319587628865979,452,895,50.5027932960893855,6564,6565,273,1,1/15/2017 11:47:15 PM,0.5773195876288659793,0.5050279329608938547,
1.69943389735972E+15,COLORECTAL,392,679,57.7319587628865979,452,895,50.5027932960893855,6564,6565,273,1,1/16/2017 11:39:40 PM,0.5773195876288659793,0.5050279329608938547,
1.69943389735972E+15,COLORECTAL,393,681,57.7092511013215859,452,895,50.5027932960893855,6564,6565,273,1,1/17/2017 11:44:24 PM,0.5770925110132158590,0.5050279329608938547,
1.69943389735972E+15,COLORECTAL,393,680,57.7941176470588235,452,895,50.5027932960893855,6564,6565,273,1,1/18/2017 11:44:04 PM,0.5779411764705882352,0.5050279329608938547,
1.69943389735972E+15,COLORECTAL,393,680,57.7941176470588235,452,895,50.5027932960893855,6564,6565,273,1,1/19/2017 11:40:53 PM,0.5779411764705882352,0.5050279329608938547,
1.69943389735972E+15,COLORECTAL,395,680,58.0882352941176471,454,895,50.7262569832402235,6564,6565,273,1,1/20/2017 11:44:59 PM,0.5808823529411764705,0.5072625698324022346,
1.69943389735972E+15,COLORECTAL,396,679,58.3210603829160530,455,895,50.8379888268156425,6564,6565,273,1,1/22/2017 11:36:06 PM,0.5832106038291605301,0.5083798882681564245,
1.69943389735972E+15,COLORECTAL,397,680,58.3823529411764706,456,895,50.9497206703910615,6564,6565,273,1,1/23/2017 11:38:09 PM,0.5838235294117647058,0.5094972067039106145,
1.69943389735972E+15,COLORECTAL,397,680,58.3823529411764706,456,895,50.9497206703910615,6564,6565,273,1,1/24/2017 11:35:47 PM,0.5838235294117647058,0.5094972067039106145,
1.69943389735972E+15,COLORECTAL,396,678,58.4070796460176991,456,895,50.9497206703910615,6564,6565,273,1,1/25/2017 11:44:02 PM,0.5840707964601769911,0.5094972067039106145,
1.69943389735972E+15,COLORECTAL,396,679,58.3210603829160530,456,895,50.9497206703910615,6564,6565,273,1,1/26/2017 11:43:30 PM,0.5832106038291605301,0.5094972067039106145,
1.69943389735972E+15,COLORECTAL,395,678,58.2595870206489676,455,894,50.8948545861297539,6564,6565,273,1,1/27/2017 11:40:25 PM,0.5825958702064896755,0.5089485458612975391,
1.69943389735972E+15,COLORECTAL,394,677,58.1979320531757755,454,894,50.7829977628635347,6564,6565,273,1,1/29/2017 11:42:15 PM,0.5819793205317577548,0.5078299776286353467,
1.69943389735972E+15,COLORECTAL,395,678,58.2595870206489676,455,894,50.8948545861297539,6564,6565,273,1,1/30/2017 11:44:59 PM,0.5825958702064896755,0.5089485458612975391,
1.69943389735972E+15,COLORECTAL,397,681,58.2966226138032305,456,896,50.8928571428571429,6564,6565,273,1,1/31/2017 11:47:45 PM,0.5829662261380323054,0.5089285714285714285,
1.69943389735972E+15,COLORECTAL,397,682,58.2111436950146628,456,896,50.8928571428571429,6564,6565,273,1,2/1/2017 11:47:44 PM,0.5821114369501466275,0.5089285714285714285,
1.69943389735972E+15,COLORECTAL,398,683,58.2723279648609078,457,896,51.0044642857142857,6564,6565,273,1,2/2/2017 11:45:08 PM,0.5827232796486090775,0.5100446428571428571,
1.69943389735972E+15,COLORECTAL,398,681,58.4434654919236417,457,896,51.0044642857142857,6564,6565,273,1,2/3/2017 11:40:30 PM,0.5844346549192364170,0.5100446428571428571,
1.69943389735972E+15,COLORECTAL,397,680,58.3823529411764706,457,896,51.0044642857142857,6564,6565,273,1,2/5/2017 11:39:57 PM,0.5838235294117647058,0.5100446428571428571,
1.69943389735972E+15,COLORECTAL,397,680,58.3823529411764706,457,896,51.0044642857142857,6564,6565,273,1,2/6/2017 11:37:35 PM,0.5838235294117647058,0.5100446428571428571,
1.69943389735972E+15,COLORECTAL,398,681,58.4434654919236417,458,896,51.1160714285714286,6564,6565,273,1,2/7/2017 11:37:09 PM,0.5844346549192364170,0.5111607142857142857,
1.69943389735972E+15,COLORECTAL,397,681,58.2966226138032305,457,896,51.0044642857142857,6564,6565,273,1,2/8/2017 11:42:28 PM,0.5829662261380323054,0.5100446428571428571,
1.69943389735972E+15,COLORECTAL,398,681,58.4434654919236417,458,896,51.1160714285714286,6564,6565,273,1,2/9/2017 11:45:29 PM,0.5844346549192364170,0.5111607142857142857,
1.69943389735972E+15,COLORECTAL,398,682,58.3577712609970674,459,896,51.2276785714285714,6564,6565,273,1,2/10/2017 11:39:42 PM,0.5835777126099706744,0.5122767857142857142,
1.69943389735972E+15,COLORECTAL,397,681,58.2966226138032305,459,896,51.2276785714285714,6564,6565,273,1,2/12/2017 11:45:38 PM,0.5829662261380323054,0.5122767857142857142,
1.69943389735972E+15,COLORECTAL,397,681,58.2966226138032305,459,896,51.2276785714285714,6564,6565,273,1,2/13/2017 11:40:03 PM,0.5829662261380323054,0.5122767857142857142,
1.69943389735972E+15,COLORECTAL,397,681,58.2966226138032305,459,896,51.2276785714285714,6564,6565,273,1,2/14/2017 11:41:41 PM,0.5829662261380323054,0.5122767857142857142,
1.69943389735972E+15,COLORECTAL,395,679,58.1737849779086892,459,896,51.2276785714285714,6564,6565,273,1,2/15/2017 11:37:34 PM,0.5817378497790868924,0.5122767857142857142,
1.69943389735972E+15,COLORECTAL,396,679,58.3210603829160530,460,896,51.3392857142857143,6564,6565,273,1,2/16/2017 11:40:24 PM,0.5832106038291605301,0.5133928571428571428,
1.69943389735972E+15,COLORECTAL,395,678,58.2595870206489676,460,896,51.3392857142857143,6564,6565,273,1,2/17/2017 11:38:02 PM,0.5825958702064896755,0.5133928571428571428,
1.69943389735972E+15,COLORECTAL,394,676,58.2840236686390533,460,896,51.3392857142857143,6564,6565,273,1,2/19/2017 11:40:06 PM,0.5828402366863905325,0.5133928571428571428,
1.69943389735972E+15,COLORECTAL,394,676,58.2840236686390533,460,896,51.3392857142857143,6564,6565,273,1,2/20/2017 11:43:16 PM,0.5828402366863905325,0.5133928571428571428,
1.69943389735972E+15,COLORECTAL,394,676,58.2840236686390533,460,896,51.3392857142857143,6564,6565,273,1,2/21/2017 11:42:10 PM,0.5828402366863905325,0.5133928571428571428,
1.69943389735972E+15,COLORECTAL,394,676,58.2840236686390533,460,896,51.3392857142857143,6564,6565,273,1,2/22/2017 11:44:11 PM,0.5828402366863905325,0.5133928571428571428,
1.69943389735972E+15,COLORECTAL,394,675,58.3703703703703704,460,896,51.3392857142857143,6564,6565,273,1,2/23/2017 11:39:18 PM,0.5837037037037037037,0.5133928571428571428,
1.69943389735972E+15,COLORECTAL,395,677,58.3456425406203840,459,895,51.2849162011173184,6564,6565,273,1,2/24/2017 11:40:37 PM,0.5834564254062038404,0.5128491620111731843,
1.69943389735972E+15,COLORECTAL,394,675,58.3703703703703704,459,895,51.2849162011173184,6564,6565,273,1,2/26/2017 11:42:44 PM,0.5837037037037037037,0.5128491620111731843,
1.69943389735972E+15,COLORECTAL,395,676,58.4319526627218935,460,895,51.3966480446927374,6564,6565,273,1,2/27/2017 11:38:09 PM,0.5843195266272189349,0.5139664804469273743,
1.69943389735972E+15,COLORECTAL,396,676,58.5798816568047337,461,895,51.5083798882681564,6564,6565,273,1,2/28/2017 11:43:18 PM,0.5857988165680473372,0.5150837988826815642,
1.69943389735972E+15,COLORECTAL,395,674,58.6053412462908012,460,894,51.4541387024608501,6564,6565,273,1,3/1/2017 11:35:09 PM,0.5860534124629080118,0.5145413870246085011,
1.69943389735972E+15,COLORECTAL,396,675,58.6666666666666667,460,894,51.4541387024608501,6564,6565,273,1,3/2/2017 11:45:41 PM,0.5866666666666666666,0.5145413870246085011,
1.69943389735972E+15,COLORECTAL,398,674,59.0504451038575668,462,894,51.6778523489932886,6564,6565,273,1,3/3/2017 11:37:20 PM,0.5905044510385756676,0.5167785234899328859,
1.69943389735972E+15,COLORECTAL,398,673,59.1381872213967311,463,894,51.7897091722595078,6564,6565,273,1,3/5/2017 11:41:30 PM,0.5913818722139673105,0.5178970917225950782,
1.69943389735972E+15,COLORECTAL,398,675,58.9629629629629630,463,894,51.7897091722595078,6564,6565,273,1,3/6/2017 11:38:22 PM,0.5896296296296296296,0.5178970917225950782,
1.69943389735972E+15,COLORECTAL,400,675,59.2592592592592593,465,895,51.9553072625698324,6564,6565,273,1,3/8/2017 4:24:53 AM,0.5925925925925925925,0.5195530726256983240,
1.69943389735972E+15,COLORECTAL,400,675,59.2592592592592593,465,895,51.9553072625698324,6564,6565,273,1,3/8/2017 11:38:49 PM,0.5925925925925925925,0.5195530726256983240,
1.69943389735972E+15,COLORECTAL,400,676,59.1715976331360947,463,893,51.8477043673012318,6564,6565,273,1,3/9/2017 11:42:17 PM,0.5917159763313609467,0.5184770436730123180,
1.69943389735972E+15,COLORECTAL,400,675,59.2592592592592593,464,893,51.9596864501679731,6564,6565,273,1,3/10/2017 11:37:51 PM,0.5925925925925925925,0.5195968645016797312,
1.69943389735972E+15,COLORECTAL,399,674,59.1988130563798220,464,893,51.9596864501679731,6564,6565,273,1,3/12/2017 11:36:48 PM,0.5919881305637982195,0.5195968645016797312,
1.69943389735972E+15,COLORECTAL,400,675,59.2592592592592593,465,894,52.0134228187919463,6564,6565,273,1,3/13/2017 11:34:04 PM,0.5925925925925925925,0.5201342281879194630,
1.69943389735972E+15,COLORECTAL,402,675,59.5555555555555556,467,895,52.1787709497206704,6564,6565,273,1,3/14/2017 11:41:44 PM,0.5955555555555555555,0.5217877094972067039,
1.69943389735972E+15,COLORECTAL,402,675,59.5555555555555556,467,895,52.1787709497206704,6564,6565,273,1,3/15/2017 11:41:12 PM,0.5955555555555555555,0.5217877094972067039,
1.69943389735972E+15,COLORECTAL,402,675,59.5555555555555556,467,895,52.1787709497206704,6564,6565,273,1,3/16/2017 11:41:09 PM,0.5955555555555555555,0.5217877094972067039,
1.69943389735972E+15,COLORECTAL,402,675,59.5555555555555556,467,894,52.2371364653243848,6564,6565,273,1,3/17/2017 11:39:10 PM,0.5955555555555555555,0.5223713646532438478,
1.69943389735972E+15,COLORECTAL,402,674,59.6439169139465875,467,894,52.2371364653243848,6564,6565,273,1,3/19/2017 11:44:01 PM,0.5964391691394658753,0.5223713646532438478,
1.69943389735972E+15,COLORECTAL,403,678,59.4395280235988201,468,894,52.3489932885906040,6564,6565,273,1,3/20/2017 11:42:49 PM,0.5943952802359882005,0.5234899328859060402,
1.69943389735972E+15,COLORECTAL,404,677,59.6750369276218612,469,894,52.4608501118568233,6564,6565,273,1,3/21/2017 11:38:13 PM,0.5967503692762186115,0.5246085011185682326,
1.69943389735972E+15,COLORECTAL,403,677,59.5273264401772526,469,895,52.4022346368715084,6564,6565,273,1,3/22/2017 11:43:22 PM,0.5952732644017725258,0.5240223463687150837,
1.69943389735972E+15,COLORECTAL,403,677,59.5273264401772526,469,895,52.4022346368715084,6564,6565,273,1,3/23/2017 11:41:02 PM,0.5952732644017725258,0.5240223463687150837,
1.69943389735972E+15,COLORECTAL,404,680,59.4117647058823529,469,895,52.4022346368715084,6564,6565,273,1,3/24/2017 11:41:26 PM,0.5941176470588235294,0.5240223463687150837,
1.69943389735972E+15,COLORECTAL,404,678,59.5870206489675516,470,894,52.5727069351230425,6564,6565,273,1,3/26/2017 11:40:34 PM,0.5958702064896755162,0.5257270693512304250,
1.69943389735972E+15,COLORECTAL,404,679,59.4992636229749632,470,894,52.5727069351230425,6564,6565,273,1,3/27/2017 11:38:08 PM,0.5949926362297496318,0.5257270693512304250,
1.69943389735972E+15,COLORECTAL,406,679,59.7938144329896907,472,894,52.7964205816554810,6564,6565,273,1,3/28/2017 11:36:40 PM,0.5979381443298969072,0.5279642058165548098,
1.69943389735972E+15,COLORECTAL,406,679,59.7938144329896907,472,894,52.7964205816554810,6564,6565,273,1,3/29/2017 11:35:26 PM,0.5979381443298969072,0.5279642058165548098,
1.69943389735972E+15,COLORECTAL,407,679,59.9410898379970545,473,894,52.9082774049217002,6564,6565,273,1,3/30/2017 11:43:09 PM,0.5994108983799705449,0.5290827740492170022,
1.69943389735972E+15,COLORECTAL,405,677,59.8227474150664697,473,894,52.9082774049217002,6564,6565,273,1,3/31/2017 11:45:10 PM,0.5982274741506646971,0.5290827740492170022,
1.69943389735972E+15,COLORECTAL,404,675,59.8518518518518519,473,894,52.9082774049217002,6564,6565,273,1,4/2/2017 11:37:44 PM,0.5985185185185185185,0.5290827740492170022,
1.69943389735972E+15,COLORECTAL,404,675,59.8518518518518519,473,894,52.9082774049217002,6564,6565,273,1,4/3/2017 11:40:44 PM,0.5985185185185185185,0.5290827740492170022,
1.69943389735972E+15,COLORECTAL,404,675,59.8518518518518519,473,894,52.9082774049217002,6564,6565,273,1,4/4/2017 11:35:27 PM,0.5985185185185185185,0.5290827740492170022,
1.69943389735972E+15,COLORECTAL,405,676,59.9112426035502959,473,894,52.9082774049217002,6564,6565,273,1,4/5/2017 11:35:46 PM,0.5991124260355029585,0.5290827740492170022,
1.69943389735972E+15,COLORECTAL,405,675,60.0000000000000000,473,894,52.9082774049217002,6564,6565,273,1,4/6/2017 11:36:26 PM,0.6000000000000000000,0.5290827740492170022,
1.69943389735972E+15,COLORECTAL,405,674,60.0890207715133531,473,894,52.9082774049217002,6564,6565,273,1,4/7/2017 11:41:53 PM,0.6008902077151335311,0.5290827740492170022,
1.69943389735972E+15,COLORECTAL,404,672,60.1190476190476190,473,894,52.9082774049217002,6564,6565,273,1,4/9/2017 11:43:59 PM,0.6011904761904761904,0.5290827740492170022,
1.69943389735972E+15,COLORECTAL,405,672,60.2678571428571429,474,896,52.9017857142857143,6564,6565,273,1,4/10/2017 11:35:29 PM,0.6026785714285714285,0.5290178571428571428,
1.69943389735972E+15,COLORECTAL,405,671,60.3576751117734724,474,896,52.9017857142857143,6564,6565,273,1,4/11/2017 10:20:56 PM,0.6035767511177347242,0.5290178571428571428,
1.69943389735972E+15,COLORECTAL,406,668,60.7784431137724551,474,893,53.0795072788353863,6564,6565,273,1,4/12/2017 11:34:19 PM,0.6077844311377245508,0.5307950727883538633,
1.69943389735972E+15,COLORECTAL,406,668,60.7784431137724551,474,893,53.0795072788353863,6564,6565,273,1,4/13/2017 11:41:11 PM,0.6077844311377245508,0.5307950727883538633,
1.69943389735972E+15,COLORECTAL,406,669,60.6875934230194320,474,892,53.1390134529147982,6564,6565,273,1,4/14/2017 11:43:49 PM,0.6068759342301943198,0.5313901345291479820,
1.69943389735972E+15,COLORECTAL,408,668,61.0778443113772455,476,892,53.3632286995515695,6564,6565,273,1,4/16/2017 11:38:13 PM,0.6107784431137724550,0.5336322869955156950,
1.69943389735972E+15,COLORECTAL,408,669,60.9865470852017937,476,893,53.3034714445688690,6564,6565,273,1,4/17/2017 11:40:09 PM,0.6098654708520179372,0.5330347144456886898,
1.69943389735972E+15,COLORECTAL,408,669,60.9865470852017937,470,870,54.0229885057471264,6564,6565,273,1,4/18/2017 11:40:11 PM,0.6098654708520179372,0.5402298850574712643,
1.69943389735972E+15,COLORECTAL,408,668,61.0778443113772455,471,870,54.1379310344827586,6564,6565,273,1,4/19/2017 11:40:08 PM,0.6107784431137724550,0.5413793103448275862,
1.69943389735972E+15,COLORECTAL,409,669,61.1360239162929746,472,871,54.1905855338691160,6564,6565,273,1,4/20/2017 11:41:24 PM,0.6113602391629297458,0.5419058553386911595,
1.69943389735972E+15,COLORECTAL,408,668,61.0778443113772455,471,863,54.5770567786790267,6564,6565,273,1,4/21/2017 11:40:11 PM,0.6107784431137724550,0.5457705677867902665,
1.69943389735972E+15,COLORECTAL,408,668,61.0778443113772455,471,863,54.5770567786790267,6564,6565,273,1,4/23/2017 11:39:06 PM,0.6107784431137724550,0.5457705677867902665,
1.69943389735972E+15,COLORECTAL,408,669,60.9865470852017937,471,863,54.5770567786790267,6564,6565,273,1,4/24/2017 11:40:25 PM,0.6098654708520179372,0.5457705677867902665,
1.69943389735972E+15,COLORECTAL,409,668,61.2275449101796407,470,861,54.5876887340301974,6564,6565,273,1,4/25/2017 11:39:00 PM,0.6122754491017964071,0.5458768873403019744,
1.69943389735972E+15,COLORECTAL,408,668,61.0778443113772455,469,861,54.4715447154471545,6564,6565,273,1,4/26/2017 11:36:57 PM,0.6107784431137724550,0.5447154471544715447,
1.69943389735972E+15,COLORECTAL,408,668,61.0778443113772455,469,861,54.4715447154471545,6564,6565,273,1,4/27/2017 11:38:02 PM,0.6107784431137724550,0.5447154471544715447,
1.69943389735972E+15,COLORECTAL,405,668,60.6287425149700599,466,859,54.2491268917345751,6564,6565,273,1,4/28/2017 11:40:32 PM,0.6062874251497005988,0.5424912689173457508,
1.69943389735972E+15,COLORECTAL,405,668,60.6287425149700599,466,859,54.2491268917345751,6564,6565,273,1,4/30/2017 11:39:20 PM,0.6062874251497005988,0.5424912689173457508,
1.69943389735972E+15,COLORECTAL,410,671,61.1028315946348733,469,859,54.5983701979045402,6564,6565,273,1,5/1/2017 11:39:39 PM,0.6110283159463487332,0.5459837019790454016,
1.69943389735972E+15,COLORECTAL,410,669,61.2855007473841555,468,859,54.4819557625145518,6564,6565,273,1,5/2/2017 11:39:17 PM,0.6128550074738415545,0.5448195576251455180,
1.69943389735972E+15,COLORECTAL,409,665,61.5037593984962406,468,857,54.6091015169194866,6564,6565,273,1,5/3/2017 11:38:49 PM,0.6150375939849624060,0.5460910151691948658,
1.69943389735972E+15,COLORECTAL,410,665,61.6541353383458647,469,857,54.7257876312718786,6564,6565,273,1,5/4/2017 11:42:20 PM,0.6165413533834586466,0.5472578763127187864,
1.69943389735972E+15,COLORECTAL,411,665,61.8045112781954887,470,857,54.8424737456242707,6564,6565,273,1,5/5/2017 11:44:29 PM,0.6180451127819548872,0.5484247374562427071,
1.69943389735972E+15,COLORECTAL,410,663,61.8401206636500754,470,857,54.8424737456242707,6564,6565,273,1,5/7/2017 11:42:12 PM,0.6184012066365007541,0.5484247374562427071,
1.69943389735972E+15,COLORECTAL,410,663,61.8401206636500754,470,857,54.8424737456242707,6564,6565,273,1,5/8/2017 11:38:18 PM,0.6184012066365007541,0.5484247374562427071,
1.69943389735972E+15,COLORECTAL,410,661,62.0272314674735250,471,857,54.9591598599766628,6564,6565,273,1,5/9/2017 11:45:33 PM,0.6202723146747352496,0.5495915985997666277,
1.69943389735972E+15,COLORECTAL,410,660,62.1212121212121212,470,855,54.9707602339181287,6564,6565,273,1,5/10/2017 11:44:54 PM,0.6212121212121212121,0.5497076023391812865,
1.69943389735972E+15,COLORECTAL,411,661,62.1785173978819970,470,855,54.9707602339181287,6564,6565,273,1,5/11/2017 11:43:07 PM,0.6217851739788199697,0.5497076023391812865,
1.69943389735972E+15,COLORECTAL,412,662,62.2356495468277946,468,845,55.3846153846153846,6564,6565,273,1,5/13/2017 12:01:02 AM,0.6223564954682779456,0.5538461538461538461,
1.69943389735972E+15,COLORECTAL,412,662,62.2356495468277946,468,845,55.3846153846153846,6564,6565,273,1,5/15/2017 12:03:54 AM,0.6223564954682779456,0.5538461538461538461,
1.69943389735972E+15,COLORECTAL,412,664,62.0481927710843373,466,830,56.1445783132530120,6564,6565,273,1,5/16/2017 12:06:40 AM,0.6204819277108433734,0.5614457831325301204,
1.69943389735972E+15,COLORECTAL,413,665,62.1052631578947368,466,830,56.1445783132530120,6564,6565,273,1,5/17/2017 12:05:27 AM,0.6210526315789473684,0.5614457831325301204,
1.69943389735972E+15,COLORECTAL,412,663,62.1417797888386124,466,831,56.0770156438026474,6564,6565,273,1,5/18/2017 12:06:13 AM,0.6214177978883861236,0.5607701564380264741,
1.69943389735972E+15,COLORECTAL,414,666,62.1621621621621622,467,832,56.1298076923076923,6564,6565,273,1,5/19/2017 12:01:31 AM,0.6216216216216216216,0.5612980769230769230,
1.69943389735972E+15,COLORECTAL,415,668,62.1257485029940120,467,833,56.0624249699879952,6564,6565,273,1,5/20/2017 12:05:32 AM,0.6212574850299401197,0.5606242496998799519,
1.69943389735972E+15,COLORECTAL,414,667,62.0689655172413793,467,833,56.0624249699879952,6564,6565,273,1,5/22/2017 12:02:37 AM,0.6206896551724137931,0.5606242496998799519,
1.69943389735972E+15,COLORECTAL,415,670,61.9402985074626866,467,834,55.9952038369304556,6564,6565,273,1,5/23/2017 12:04:40 AM,0.6194029850746268656,0.5599520383693045563,
1.69943389735972E+15,COLORECTAL,415,670,61.9402985074626866,467,835,55.9281437125748503,6564,6565,273,1,5/24/2017 12:08:31 AM,0.6194029850746268656,0.5592814371257485029,
1.69943389735972E+15,COLORECTAL,415,670,61.9402985074626866,467,835,55.9281437125748503,6564,6565,273,1,5/25/2017 12:06:06 AM,0.6194029850746268656,0.5592814371257485029,
1.69943389735972E+15,COLORECTAL,415,670,61.9402985074626866,467,835,55.9281437125748503,6564,6565,273,1,5/26/2017 12:10:44 AM,0.6194029850746268656,0.5592814371257485029,
1.69943389735972E+15,COLORECTAL,414,669,61.8834080717488789,467,835,55.9281437125748503,6564,6565,273,1,5/27/2017 12:05:36 AM,0.6188340807174887892,0.5592814371257485029,
1.69943389735972E+15,COLORECTAL,414,667,62.0689655172413793,467,835,55.9281437125748503,6564,6565,273,1,5/29/2017 12:08:38 AM,0.6206896551724137931,0.5592814371257485029,
1.69943389735972E+15,COLORECTAL,415,667,62.2188905547226387,468,835,56.0479041916167665,6564,6565,273,1,5/30/2017 12:05:57 AM,0.6221889055472263868,0.5604790419161676646,
1.69943389735972E+15,COLORECTAL,416,667,62.3688155922038981,469,835,56.1676646706586826,6564,6565,273,1,5/31/2017 12:02:26 AM,0.6236881559220389805,0.5616766467065868263,
1.69943389735972E+15,COLORECTAL,416,667,62.3688155922038981,469,835,56.1676646706586826,6564,6565,273,1,6/1/2017 12:09:32 AM,0.6236881559220389805,0.5616766467065868263,
1.69943389735972E+15,COLORECTAL,418,669,62.4813153961136024,471,835,56.4071856287425150,6564,6565,273,1,6/2/2017 12:01:23 AM,0.6248131539611360239,0.5640718562874251497,
1.69943389735972E+15,COLORECTAL,418,669,62.4813153961136024,470,835,56.2874251497005988,6564,6565,273,1,6/3/2017 12:07:07 AM,0.6248131539611360239,0.5628742514970059880,
1.69943389735972E+15,COLORECTAL,420,669,62.7802690582959641,472,835,56.5269461077844311,6564,6565,273,1,6/4/2017 11:59:48 PM,0.6278026905829596412,0.5652694610778443113,
1.69943389735972E+15,COLORECTAL,421,669,62.9297458893871450,473,835,56.6467065868263473,6564,6565,273,1,6/6/2017 12:08:22 AM,0.6292974588938714499,0.5664670658682634730,
1.69943389735972E+15,COLORECTAL,421,669,62.9297458893871450,473,835,56.6467065868263473,6564,6565,273,1,6/7/2017 12:04:08 AM,0.6292974588938714499,0.5664670658682634730,
1.69943389735972E+15,COLORECTAL,421,669,62.9297458893871450,473,836,56.5789473684210526,6564,6565,273,1,6/8/2017 12:09:09 AM,0.6292974588938714499,0.5657894736842105263,
1.69943389735972E+15,COLORECTAL,422,670,62.9850746268656716,474,836,56.6985645933014354,6564,6565,273,1,6/9/2017 12:03:44 AM,0.6298507462686567164,0.5669856459330143540,
1.69943389735972E+15,COLORECTAL,424,670,63.2835820895522388,477,837,56.9892473118279570,6564,6565,273,1,6/10/2017 12:05:14 AM,0.6328358208955223880,0.5698924731182795698,
1.69943389735972E+15,COLORECTAL,425,671,63.3383010432190760,477,837,56.9892473118279570,6564,6565,273,1,6/12/2017 12:10:21 AM,0.6333830104321907600,0.5698924731182795698,
1.69943389735972E+15,COLORECTAL,428,671,63.7853949329359165,480,836,57.4162679425837321,6564,6565,273,1,6/13/2017 12:06:55 AM,0.6378539493293591654,0.5741626794258373205,
1.69943389735972E+15,COLORECTAL,429,671,63.9344262295081967,480,836,57.4162679425837321,6564,6565,273,1,6/14/2017 12:09:13 AM,0.6393442622950819672,0.5741626794258373205,
1.69943389735972E+15,COLORECTAL,428,668,64.0718562874251497,480,836,57.4162679425837321,6564,6565,273,1,6/15/2017 12:15:12 AM,0.6407185628742514970,0.5741626794258373205,
1.69943389735972E+15,COLORECTAL,427,667,64.0179910044977511,479,835,57.3652694610778443,6564,6565,273,1,6/16/2017 12:12:47 AM,0.6401799100449775112,0.5736526946107784431,
1.69943389735972E+15,COLORECTAL,429,668,64.2215568862275449,481,835,57.6047904191616766,6564,6565,273,1,6/17/2017 12:13:36 AM,0.6422155688622754491,0.5760479041916167664,
1.69943389735972E+15,COLORECTAL,434,668,64.9700598802395210,486,835,58.2035928143712575,6564,6565,273,1,6/19/2017 12:11:13 AM,0.6497005988023952095,0.5820359281437125748,
1.69943389735972E+15,COLORECTAL,434,668,64.9700598802395210,486,835,58.2035928143712575,6564,6565,273,1,6/20/2017 12:11:28 AM,0.6497005988023952095,0.5820359281437125748,
1.69943389735972E+15,COLORECTAL,434,668,64.9700598802395210,486,835,58.2035928143712575,6564,6565,273,1,6/21/2017 12:10:23 AM,0.6497005988023952095,0.5820359281437125748,
1.69943389735972E+15,COLORECTAL,434,669,64.8729446935724963,486,835,58.2035928143712575,6564,6565,273,1,6/22/2017 12:11:06 AM,0.6487294469357249626,0.5820359281437125748,
1.69943389735972E+15,COLORECTAL,434,669,64.8729446935724963,486,835,58.2035928143712575,6564,6565,273,1,6/23/2017 12:11:59 AM,0.6487294469357249626,0.5820359281437125748,
1.69943389735972E+15,COLORECTAL,434,669,64.8729446935724963,486,835,58.2035928143712575,6564,6565,273,1,6/24/2017 12:09:21 AM,0.6487294469357249626,0.5820359281437125748,
1.69943389735972E+15,COLORECTAL,434,669,64.8729446935724963,486,836,58.1339712918660287,6564,6565,273,1,6/26/2017 12:11:17 AM,0.6487294469357249626,0.5813397129186602870,
1.69943389735972E+15,COLORECTAL,435,670,64.9253731343283582,485,835,58.0838323353293413,6564,6565,273,1,6/27/2017 12:06:32 AM,0.6492537313432835820,0.5808383233532934131,
1.69943389735972E+15,COLORECTAL,434,670,64.7761194029850746,485,835,58.0838323353293413,6564,6565,273,1,6/28/2017 12:07:03 AM,0.6477611940298507462,0.5808383233532934131,
1.69943389735972E+15,COLORECTAL,434,670,64.7761194029850746,485,835,58.0838323353293413,6564,6565,273,1,6/29/2017 12:05:46 AM,0.6477611940298507462,0.5808383233532934131,
1.69943389735972E+15,COLORECTAL,434,670,64.7761194029850746,485,835,58.0838323353293413,6564,6565,273,1,6/30/2017 12:10:14 AM,0.6477611940298507462,0.5808383233532934131,
1.69943389735972E+15,COLORECTAL,436,671,64.9776453055141580,487,835,58.3233532934131737,6564,6565,273,1,7/1/2017 12:11:45 AM,0.6497764530551415797,0.5832335329341317365,
1.69943389735972E+15,COLORECTAL,437,671,65.1266766020864382,488,835,58.4431137724550898,6564,6565,273,1,7/3/2017 12:04:57 AM,0.6512667660208643815,0.5844311377245508982,
1.69943389735972E+15,COLORECTAL,437,671,65.1266766020864382,488,835,58.4431137724550898,6564,6565,273,1,7/4/2017 12:11:20 AM,0.6512667660208643815,0.5844311377245508982,
1.69943389735972E+15,COLORECTAL,437,671,65.1266766020864382,488,835,58.4431137724550898,6564,6565,273,1,7/5/2017 12:07:53 AM,0.6512667660208643815,0.5844311377245508982,
1.69943389735972E+15,COLORECTAL,435,668,65.1197604790419162,488,835,58.4431137724550898,6564,6565,273,1,7/6/2017 12:11:14 AM,0.6511976047904191616,0.5844311377245508982,
1.69943389735972E+15,COLORECTAL,436,669,65.1718983557548580,488,835,58.4431137724550898,6564,6565,273,1,7/7/2017 12:09:14 AM,0.6517189835575485799,0.5844311377245508982,
1.69943389735972E+15,COLORECTAL,434,668,64.9700598802395210,487,835,58.3233532934131737,6564,6565,273,1,7/8/2017 12:03:26 AM,0.6497005988023952095,0.5832335329341317365,
1.69943389735972E+15,COLORECTAL,433,667,64.9175412293853073,487,835,58.3233532934131737,6564,6565,273,1,7/10/2017 12:01:29 AM,0.6491754122938530734,0.5832335329341317365,
1.69943389735972E+15,COLORECTAL,434,668,64.9700598802395210,488,836,58.3732057416267943,6564,6565,273,1,7/11/2017 12:08:52 AM,0.6497005988023952095,0.5837320574162679425,
1.69943389735972E+15,COLORECTAL,435,669,65.0224215246636771,489,836,58.4928229665071770,6564,6565,273,1,7/12/2017 12:12:03 AM,0.6502242152466367713,0.5849282296650717703,
1.69943389735972E+15,COLORECTAL,435,669,65.0224215246636771,488,834,58.5131894484412470,6564,6565,273,1,7/13/2017 12:05:49 AM,0.6502242152466367713,0.5851318944844124700,
1.69943389735972E+15,COLORECTAL,435,669,65.0224215246636771,488,834,58.5131894484412470,6564,6565,273,1,7/14/2017 12:07:36 AM,0.6502242152466367713,0.5851318944844124700,
1.69943389735972E+15,COLORECTAL,434,666,65.1651651651651652,488,834,58.5131894484412470,6564,6565,273,1,7/15/2017 12:08:52 AM,0.6516516516516516516,0.5851318944844124700,
1.69943389735972E+15,COLORECTAL,435,666,65.3153153153153153,489,834,58.6330935251798561,6564,6565,273,1,7/17/2017 12:07:47 AM,0.6531531531531531531,0.5863309352517985611,
1.69943389735972E+15,COLORECTAL,435,666,65.3153153153153153,489,834,58.6330935251798561,6564,6565,273,1,7/18/2017 12:06:36 AM,0.6531531531531531531,0.5863309352517985611,
1.69943389735972E+15,COLORECTAL,435,666,65.3153153153153153,489,834,58.6330935251798561,6564,6565,273,1,7/19/2017 12:12:10 AM,0.6531531531531531531,0.5863309352517985611,
1.69943389735972E+15,COLORECTAL,435,666,65.3153153153153153,489,834,58.6330935251798561,6564,6565,273,1,7/20/2017 12:08:56 AM,0.6531531531531531531,0.5863309352517985611,
1.69943389735972E+15,COLORECTAL,435,666,65.3153153153153153,489,834,58.6330935251798561,6564,6565,273,1,7/21/2017 12:10:46 AM,0.6531531531531531531,0.5863309352517985611,
1.69943389735972E+15,COLORECTAL,433,664,65.2108433734939759,489,834,58.6330935251798561,6564,6565,273,1,7/22/2017 12:09:19 AM,0.6521084337349397590,0.5863309352517985611,
1.69943389735972E+15,COLORECTAL,432,661,65.3555219364599092,488,834,58.5131894484412470,6564,6565,273,1,7/24/2017 12:04:30 AM,0.6535552193645990922,0.5851318944844124700,
1.69943389735972E+15,COLORECTAL,432,661,65.3555219364599092,488,834,58.5131894484412470,6564,6565,273,1,7/25/2017 12:04:33 AM,0.6535552193645990922,0.5851318944844124700,
1.69943389735972E+15,COLORECTAL,433,665,65.1127819548872180,489,835,58.5628742514970060,6564,6565,273,1,7/26/2017 12:10:32 AM,0.6511278195488721804,0.5856287425149700598,
1.69943389735972E+15,COLORECTAL,431,663,65.0075414781297134,488,834,58.5131894484412470,6564,6565,273,1,7/27/2017 12:06:07 AM,0.6500754147812971342,0.5851318944844124700,
1.69943389735972E+15,COLORECTAL,433,665,65.1127819548872180,488,834,58.5131894484412470,6564,6565,273,1,7/28/2017 12:05:34 AM,0.6511278195488721804,0.5851318944844124700,
1.69943389735972E+15,COLORECTAL,434,664,65.3614457831325301,489,834,58.6330935251798561,6564,6565,273,1,7/29/2017 12:08:13 AM,0.6536144578313253012,0.5863309352517985611,
1.69943389735972E+15,COLORECTAL,433,664,65.2108433734939759,489,835,58.5628742514970060,6564,6565,273,1,7/31/2017 12:06:23 AM,0.6521084337349397590,0.5856287425149700598,
1.69943389735972E+15,COLORECTAL,433,665,65.1127819548872180,487,834,58.3932853717026379,6564,6565,273,1,8/1/2017 12:06:49 AM,0.6511278195488721804,0.5839328537170263788,
1.69943389735972E+15,COLORECTAL,479,805,59.5031055900621118,487,834,58.3932853717026379,6564,6565,273,1,8/2/2017 12:10:11 AM,0.5950310559006211180,0.5839328537170263788,
1.69943389735972E+15,COLORECTAL,479,805,59.5031055900621118,487,834,58.3932853717026379,6564,6565,273,1,8/3/2017 12:09:08 AM,0.5950310559006211180,0.5839328537170263788,
1.69943389735972E+15,COLORECTAL,480,805,59.6273291925465839,488,834,58.5131894484412470,6564,6565,273,1,8/4/2017 12:09:33 AM,0.5962732919254658385,0.5851318944844124700,
1.69943389735972E+15,COLORECTAL,479,805,59.5031055900621118,487,834,58.3932853717026379,6564,6565,273,1,8/5/2017 12:10:52 AM,0.5950310559006211180,0.5839328537170263788,
1.69943389735972E+15,COLORECTAL,479,805,59.5031055900621118,487,834,58.3932853717026379,6564,6565,273,1,8/7/2017 12:07:02 AM,0.5950310559006211180,0.5839328537170263788,
1.69943389735972E+15,COLORECTAL,479,805,59.5031055900621118,487,834,58.3932853717026379,6564,6565,273,1,8/8/2017 12:09:47 AM,0.5950310559006211180,0.5839328537170263788,
1.69943389735972E+15,COLORECTAL,479,806,59.4292803970223325,487,835,58.3233532934131737,6564,6565,273,1,8/9/2017 12:14:52 AM,0.5942928039702233250,0.5832335329341317365,
1.69943389735972E+15,COLORECTAL,479,806,59.4292803970223325,487,835,58.3233532934131737,6564,6565,273,1,8/10/2017 12:10:10 AM,0.5942928039702233250,0.5832335329341317365,
1.69943389735972E+15,COLORECTAL,480,806,59.5533498759305211,488,835,58.4431137724550898,6564,6565,273,1,8/11/2017 12:05:41 AM,0.5955334987593052109,0.5844311377245508982,
1.69943389735972E+15,COLORECTAL,480,806,59.5533498759305211,488,835,58.4431137724550898,6564,6565,273,1,8/12/2017 12:10:16 AM,0.5955334987593052109,0.5844311377245508982,
1.69943389735972E+15,COLORECTAL,484,806,60.0496277915632754,492,835,58.9221556886227545,6564,6565,273,1,8/14/2017 12:08:25 AM,0.6004962779156327543,0.5892215568862275449,
1.69943389735972E+15,COLORECTAL,484,805,60.1242236024844720,492,835,58.9221556886227545,6564,6565,273,1,8/15/2017 12:09:26 AM,0.6012422360248447204,0.5892215568862275449,
1.69943389735972E+15,COLORECTAL,484,805,60.1242236024844720,492,835,58.9221556886227545,6564,6565,273,1,8/16/2017 12:11:38 AM,0.6012422360248447204,0.5892215568862275449,
1.69943389735972E+15,COLORECTAL,484,805,60.1242236024844720,492,835,58.9221556886227545,6564,6565,273,1,8/17/2017 12:11:10 AM,0.6012422360248447204,0.5892215568862275449,
1.69943389735972E+15,COLORECTAL,484,804,60.1990049751243781,492,835,58.9221556886227545,6564,6565,273,1,8/18/2017 12:09:32 AM,0.6019900497512437810,0.5892215568862275449,
1.69943389735972E+15,COLORECTAL,485,805,60.2484472049689441,494,836,59.0909090909090909,6564,6565,273,1,8/19/2017 12:09:14 AM,0.6024844720496894409,0.5909090909090909090,
1.69943389735972E+15,COLORECTAL,485,805,60.2484472049689441,494,836,59.0909090909090909,6564,6565,273,1,8/21/2017 12:07:18 AM,0.6024844720496894409,0.5909090909090909090,
1.69943389735972E+15,COLORECTAL,485,804,60.3233830845771144,494,835,59.1616766467065868,6564,6565,273,1,8/22/2017 12:07:32 AM,0.6032338308457711442,0.5916167664670658682,
1.69943389735972E+15,COLORECTAL,486,804,60.4477611940298507,495,835,59.2814371257485030,6564,6565,273,1,8/23/2017 12:11:48 AM,0.6044776119402985074,0.5928143712574850299,
1.69943389735972E+15,COLORECTAL,486,804,60.4477611940298507,495,835,59.2814371257485030,6564,6565,273,1,8/24/2017 12:07:25 AM,0.6044776119402985074,0.5928143712574850299,
1.69943389735972E+15,COLORECTAL,486,804,60.4477611940298507,495,835,59.2814371257485030,6564,6565,273,1,8/25/2017 12:11:48 AM,0.6044776119402985074,0.5928143712574850299,
1.69943389735972E+15,COLORECTAL,486,804,60.4477611940298507,495,835,59.2814371257485030,6564,6565,273,1,8/26/2017 12:12:40 AM,0.6044776119402985074,0.5928143712574850299,
1.69943389735972E+15,COLORECTAL,487,804,60.5721393034825871,496,835,59.4011976047904192,6564,6565,273,1,8/28/2017 12:08:21 AM,0.6057213930348258706,0.5940119760479041916,
1.69943389735972E+15,COLORECTAL,487,804,60.5721393034825871,496,835,59.4011976047904192,6564,6565,273,1,8/29/2017 12:08:37 AM,0.6057213930348258706,0.5940119760479041916,
1.69943389735972E+15,COLORECTAL,487,804,60.5721393034825871,496,835,59.4011976047904192,6564,6565,273,1,8/30/2017 12:08:35 AM,0.6057213930348258706,0.5940119760479041916,
1.69943389735972E+15,COLORECTAL,487,804,60.5721393034825871,496,835,59.4011976047904192,6564,6565,273,1,8/31/2017 12:11:25 AM,0.6057213930348258706,0.5940119760479041916,
1.69943389735972E+15,COLORECTAL,488,804,60.6965174129353234,497,835,59.5209580838323353,6564,6565,273,1,9/1/2017 12:09:32 AM,0.6069651741293532338,0.5952095808383233532,
1.69943389735972E+15,COLORECTAL,489,805,60.7453416149068323,498,836,59.5693779904306220,6564,6565,273,1,9/2/2017 12:09:57 AM,0.6074534161490683229,0.5956937799043062200,
1.69943389735972E+15,COLORECTAL,489,805,60.7453416149068323,498,836,59.5693779904306220,6564,6565,273,1,9/4/2017 12:11:25 AM,0.6074534161490683229,0.5956937799043062200,
1.69943389735972E+15,COLORECTAL,489,805,60.7453416149068323,498,836,59.5693779904306220,6564,6565,273,1,9/5/2017 12:08:00 AM,0.6074534161490683229,0.5956937799043062200,
1.69943389735972E+15,COLORECTAL,490,805,60.8695652173913043,499,836,59.6889952153110048,6564,6565,273,1,9/6/2017 12:10:47 AM,0.6086956521739130434,0.5968899521531100478,
1.69943389735972E+15,COLORECTAL,490,805,60.8695652173913043,499,836,59.6889952153110048,6564,6565,273,1,9/7/2017 12:08:35 AM,0.6086956521739130434,0.5968899521531100478,
1.69943389735972E+15,COLORECTAL,490,804,60.9452736318407960,499,835,59.7604790419161677,6564,6565,273,1,9/8/2017 12:11:58 AM,0.6094527363184079601,0.5976047904191616766,
1.69943389735972E+15,COLORECTAL,490,804,60.9452736318407960,499,835,59.7604790419161677,6564,6565,273,1,9/9/2017 12:09:54 AM,0.6094527363184079601,0.5976047904191616766,
1.69943389735972E+15,COLORECTAL,490,803,61.0211706102117061,499,835,59.7604790419161677,6564,6565,273,1,9/11/2017 12:10:34 AM,0.6102117061021170610,0.5976047904191616766,
1.69943389735972E+15,COLORECTAL,489,802,60.9725685785536160,499,835,59.7604790419161677,6564,6565,273,1,9/12/2017 12:11:46 AM,0.6097256857855361596,0.5976047904191616766,
1.69943389735972E+15,COLORECTAL,490,803,61.0211706102117061,499,835,59.7604790419161677,6564,6565,273,1,9/13/2017 12:11:13 AM,0.6102117061021170610,0.5976047904191616766,
1.69943389735972E+15,COLORECTAL,490,803,61.0211706102117061,499,835,59.7604790419161677,6564,6565,273,1,9/14/2017 12:11:58 AM,0.6102117061021170610,0.5976047904191616766,
1.69943389735972E+15,COLORECTAL,492,804,61.1940298507462687,501,835,60.0000000000000000,6564,6565,273,1,9/15/2017 12:13:17 AM,0.6119402985074626865,0.6000000000000000000,
1.69943389735972E+15,COLORECTAL,493,804,61.3184079601990050,502,836,60.0478468899521531,6564,6565,273,1,9/16/2017 12:14:50 AM,0.6131840796019900497,0.6004784688995215311,
1.69943389735972E+15,COLORECTAL,,,,502,836,60.0478468899521531,6564,6565,273,1,9/18/2017 10:18:42 PM,,0.6004784688995215311,
1.69943389735972E+15,COLORECTAL,494,804,61.4427860696517413,502,834,60.1918465227817746,6564,6565,273,1,9/20/2017 12:04:27 AM,0.6144278606965174129,0.6019184652278177458,
1.69943389735972E+15,COLORECTAL,494,803,61.5193026151930262,502,833,60.2641056422569028,6564,6565,273,1,9/21/2017 12:06:09 AM,0.6151930261519302615,0.6026410564225690276,
1.69943389735972E+15,COLORECTAL,494,803,61.5193026151930262,502,833,60.2641056422569028,6564,6565,273,1,9/22/2017 12:13:07 AM,0.6151930261519302615,0.6026410564225690276,
1.69943389735972E+15,COLORECTAL,493,798,61.7794486215538847,502,830,60.4819277108433735,6564,6565,273,1,9/23/2017 12:15:02 AM,0.6177944862155388471,0.6048192771084337349,
1.69943389735972E+15,COLORECTAL,493,798,61.7794486215538847,502,830,60.4819277108433735,6564,6565,273,1,9/25/2017 12:15:22 AM,0.6177944862155388471,0.6048192771084337349,
1.69943389735972E+15,COLORECTAL,496,797,62.2333751568381430,505,829,60.9167671893848010,6564,6565,273,1,9/26/2017 12:15:48 AM,0.6223337515683814303,0.6091676718938480096,
1.69943389735972E+15,COLORECTAL,497,797,62.3588456712672522,506,829,61.0373944511459590,6564,6565,273,1,9/27/2017 12:15:14 AM,0.6235884567126725219,0.6103739445114595898,
1.69943389735972E+15,COLORECTAL,498,797,62.4843161856963614,507,829,61.1580217129071170,6564,6565,273,1,9/28/2017 12:06:43 AM,0.6248431618569636135,0.6115802171290711700,
1.69943389735972E+15,COLORECTAL,498,797,62.4843161856963614,507,829,61.1580217129071170,6564,6565,273,1,9/29/2017 12:11:33 AM,0.6248431618569636135,0.6115802171290711700,
1.69943389735972E+15,COLORECTAL,497,795,62.5157232704402516,506,828,61.1111111111111111,6564,6565,273,1,9/30/2017 12:11:32 AM,0.6251572327044025157,0.6111111111111111111,
1.69943389735972E+15,COLORECTAL,497,794,62.5944584382871537,506,828,61.1111111111111111,6564,6565,273,1,10/2/2017 12:14:55 AM,0.6259445843828715365,0.6111111111111111111,
1.69943389735972E+15,COLORECTAL,495,791,62.5790139064475348,504,825,61.0909090909090909,6564,6565,273,1,10/3/2017 12:10:51 AM,0.6257901390644753476,0.6109090909090909090,
1.69943389735972E+15,COLORECTAL,496,791,62.7054361567635904,505,825,61.2121212121212121,6564,6565,273,1,10/4/2017 12:10:03 AM,0.6270543615676359039,0.6121212121212121212,
1.69943389735972E+15,COLORECTAL,496,791,62.7054361567635904,501,817,61.3219094247246022,6564,6565,273,1,10/5/2017 12:12:36 AM,0.6270543615676359039,0.6132190942472460220,
1.69943389735972E+15,COLORECTAL,497,791,62.8318584070796460,502,817,61.4443084455324357,6564,6565,273,1,10/6/2017 12:16:09 AM,0.6283185840707964601,0.6144430844553243574,
1.69943389735972E+15,COLORECTAL,496,791,62.7054361567635904,501,815,61.4723926380368098,6564,6565,273,1,10/7/2017 12:15:22 AM,0.6270543615676359039,0.6147239263803680981,
1.69943389735972E+15,COLORECTAL,496,791,62.7054361567635904,501,815,61.4723926380368098,6564,6565,273,1,10/9/2017 12:13:49 AM,0.6270543615676359039,0.6147239263803680981,
1.69943389735972E+15,COLORECTAL,496,791,62.7054361567635904,501,815,61.4723926380368098,6564,6565,273,1,10/10/2017 12:12:48 AM,0.6270543615676359039,0.6147239263803680981,
1.69943389735972E+15,COLORECTAL,496,790,62.7848101265822785,501,814,61.5479115479115479,6564,6565,273,1,10/11/2017 12:14:47 AM,0.6278481012658227848,0.6154791154791154791,
1.69943389735972E+15,COLORECTAL,496,790,62.7848101265822785,501,814,61.5479115479115479,6564,6565,273,1,10/12/2017 12:17:34 AM,0.6278481012658227848,0.6154791154791154791,
1.69943389735972E+15,COLORECTAL,494,789,62.6108998732572877,499,813,61.3776137761377614,6564,6565,273,1,10/13/2017 12:22:46 AM,0.6261089987325728770,0.6137761377613776137,
1.69943389735972E+15,COLORECTAL,492,785,62.6751592356687898,497,808,61.5099009900990099,6564,6565,273,1,10/14/2017 12:17:40 AM,0.6267515923566878980,0.6150990099009900990,
1.69943389735972E+15,COLORECTAL,493,785,62.8025477707006369,498,808,61.6336633663366337,6564,6565,273,1,10/18/2017 1:25:24 PM,0.6280254777070063694,0.6163366336633663366,
1.69943389735972E+15,COLORECTAL,494,786,62.8498727735368957,499,809,61.6810877626699629,6564,6565,273,1,10/20/2017 12:09:25 AM,0.6284987277353689567,0.6168108776266996291,
1.69943389735972E+15,COLORECTAL,494,786,62.8498727735368957,499,809,61.6810877626699629,6564,6565,273,1,10/21/2017 12:09:22 AM,0.6284987277353689567,0.6168108776266996291,
1.69943389735972E+15,COLORECTAL,495,786,62.9770992366412214,500,809,61.8046971569839308,6564,6565,273,1,10/23/2017 12:09:29 AM,0.6297709923664122137,0.6180469715698393077,
1.69943389735972E+15,COLORECTAL,495,787,62.8970775095298602,500,810,61.7283950617283951,6564,6565,273,1,10/24/2017 12:10:59 AM,0.6289707750952986022,0.6172839506172839506,
1.69943389735972E+15,COLORECTAL,495,787,62.8970775095298602,500,808,61.8811881188118812,6564,6565,273,1,10/25/2017 12:09:50 AM,0.6289707750952986022,0.6188118811881188118,
1.69943389735972E+15,COLORECTAL,493,786,62.7226463104325700,498,807,61.7100371747211896,6564,6565,273,1,10/26/2017 12:07:35 AM,0.6272264631043256997,0.6171003717472118959,
1.69943389735972E+15,COLORECTAL,493,786,62.7226463104325700,498,807,61.7100371747211896,6564,6565,273,1,10/27/2017 12:10:48 AM,0.6272264631043256997,0.6171003717472118959,
1.69943389735972E+15,COLORECTAL,493,786,62.7226463104325700,498,807,61.7100371747211896,6564,6565,273,1,10/28/2017 12:10:54 AM,0.6272264631043256997,0.6171003717472118959,
1.69943389735972E+15,COLORECTAL,494,787,62.7700127064803050,499,808,61.7574257425742574,6564,6565,273,1,10/30/2017 12:09:48 AM,0.6277001270648030495,0.6175742574257425742,
1.69943389735972E+15,COLORECTAL,495,788,62.8172588832487310,500,809,61.8046971569839308,6564,6565,273,1,10/31/2017 12:10:36 AM,0.6281725888324873096,0.6180469715698393077,
1.69943389735972E+15,DM-EYE,34,151,22.5165562913907285,34,178,19.1011235955056180,6544,6545,273,1,1/1/2017 11:42:17 PM,0.2251655629139072847,0.1910112359550561797,
1.69943389735972E+15,DM-EYE,35,151,23.1788079470198675,35,178,19.6629213483146067,6544,6545,273,1,1/2/2017 11:43:54 PM,0.2317880794701986754,0.1966292134831460674,
1.69943389735972E+15,DM-EYE,36,151,23.8410596026490066,36,178,20.2247191011235955,6544,6545,273,1,1/3/2017 11:38:35 PM,0.2384105960264900662,0.2022471910112359550,
1.69943389735972E+15,DM-EYE,36,151,23.8410596026490066,36,178,20.2247191011235955,6544,6545,273,1,1/4/2017 11:36:47 PM,0.2384105960264900662,0.2022471910112359550,
1.69943389735972E+15,DM-EYE,37,151,24.5033112582781457,37,178,20.7865168539325843,6544,6545,273,1,1/5/2017 11:42:31 PM,0.2450331125827814569,0.2078651685393258426,
1.69943389735972E+15,DM-EYE,37,151,24.5033112582781457,37,178,20.7865168539325843,6544,6545,273,1,1/6/2017 11:42:22 PM,0.2450331125827814569,0.2078651685393258426,
1.69943389735972E+15,DM-EYE,38,151,25.1655629139072848,38,178,21.3483146067415730,6544,6545,273,1,1/8/2017 11:42:20 PM,0.2516556291390728476,0.2134831460674157303,
1.69943389735972E+15,DM-EYE,38,151,25.1655629139072848,38,178,21.3483146067415730,6544,6545,273,1,1/9/2017 11:41:44 PM,0.2516556291390728476,0.2134831460674157303,
1.69943389735972E+15,DM-EYE,38,151,25.1655629139072848,38,178,21.3483146067415730,6544,6545,273,1,1/10/2017 11:45:49 PM,0.2516556291390728476,0.2134831460674157303,
1.69943389735972E+15,DM-EYE,38,150,25.3333333333333333,38,178,21.3483146067415730,6544,6545,273,1,1/11/2017 11:41:00 PM,0.2533333333333333333,0.2134831460674157303,
1.69943389735972E+15,DM-EYE,38,150,25.3333333333333333,38,178,21.3483146067415730,6544,6545,273,1,1/12/2017 11:41:38 PM,0.2533333333333333333,0.2134831460674157303,
1.69943389735972E+15,DM-EYE,38,150,25.3333333333333333,38,178,21.3483146067415730,6544,6545,273,1,1/13/2017 11:44:34 PM,0.2533333333333333333,0.2134831460674157303,
1.69943389735972E+15,DM-EYE,38,150,25.3333333333333333,38,178,21.3483146067415730,6544,6545,273,1,1/15/2017 11:46:48 PM,0.2533333333333333333,0.2134831460674157303,
1.69943389735972E+15,DM-EYE,39,150,26.0000000000000000,39,178,21.9101123595505618,6544,6545,273,1,1/16/2017 11:39:13 PM,0.2600000000000000000,0.2191011235955056179,
1.69943389735972E+15,DM-EYE,40,150,26.6666666666666667,40,178,22.4719101123595506,6544,6545,273,1,1/17/2017 11:43:57 PM,0.2666666666666666666,0.2247191011235955056,
1.69943389735972E+15,DM-EYE,40,150,26.6666666666666667,40,178,22.4719101123595506,6544,6545,273,1,1/18/2017 11:43:38 PM,0.2666666666666666666,0.2247191011235955056,
1.69943389735972E+15,DM-EYE,38,151,25.1655629139072848,38,178,21.3483146067415730,6544,6545,273,1,1/19/2017 11:40:26 PM,0.2516556291390728476,0.2134831460674157303,
1.69943389735972E+15,DM-EYE,38,151,25.1655629139072848,38,178,21.3483146067415730,6544,6545,273,1,1/20/2017 11:44:33 PM,0.2516556291390728476,0.2134831460674157303,
1.69943389735972E+15,DM-EYE,38,151,25.1655629139072848,38,178,21.3483146067415730,6544,6545,273,1,1/22/2017 11:35:40 PM,0.2516556291390728476,0.2134831460674157303,
1.69943389735972E+15,DM-EYE,38,151,25.1655629139072848,38,178,21.3483146067415730,6544,6545,273,1,1/23/2017 11:37:43 PM,0.2516556291390728476,0.2134831460674157303,
1.69943389735972E+15,DM-EYE,39,151,25.8278145695364238,39,178,21.9101123595505618,6544,6545,273,1,1/24/2017 11:35:20 PM,0.2582781456953642384,0.2191011235955056179,
1.69943389735972E+15,DM-EYE,39,151,25.8278145695364238,39,178,21.9101123595505618,6544,6545,273,1,1/25/2017 11:43:36 PM,0.2582781456953642384,0.2191011235955056179,
1.69943389735972E+15,DM-EYE,39,151,25.8278145695364238,39,178,21.9101123595505618,6544,6545,273,1,1/26/2017 11:43:04 PM,0.2582781456953642384,0.2191011235955056179,
1.69943389735972E+15,DM-EYE,39,151,25.8278145695364238,39,178,21.9101123595505618,6544,6545,273,1,1/27/2017 11:39:59 PM,0.2582781456953642384,0.2191011235955056179,
1.69943389735972E+15,DM-EYE,39,151,25.8278145695364238,39,178,21.9101123595505618,6544,6545,273,1,1/29/2017 11:41:49 PM,0.2582781456953642384,0.2191011235955056179,
1.69943389735972E+15,DM-EYE,39,151,25.8278145695364238,39,178,21.9101123595505618,6544,6545,273,1,1/30/2017 11:44:39 PM,0.2582781456953642384,0.2191011235955056179,
1.69943389735972E+15,DM-EYE,37,152,24.3421052631578947,38,178,21.3483146067415730,6544,6545,273,1,1/31/2017 11:47:26 PM,0.2434210526315789473,0.2134831460674157303,
1.69943389735972E+15,DM-EYE,37,152,24.3421052631578947,38,178,21.3483146067415730,6544,6545,273,1,2/1/2017 11:47:24 PM,0.2434210526315789473,0.2134831460674157303,
1.69943389735972E+15,DM-EYE,37,152,24.3421052631578947,38,178,21.3483146067415730,6544,6545,273,1,2/2/2017 11:44:48 PM,0.2434210526315789473,0.2134831460674157303,
1.69943389735972E+15,DM-EYE,37,152,24.3421052631578947,38,178,21.3483146067415730,6544,6545,273,1,2/3/2017 11:40:10 PM,0.2434210526315789473,0.2134831460674157303,
1.69943389735972E+15,DM-EYE,37,152,24.3421052631578947,38,178,21.3483146067415730,6544,6545,273,1,2/5/2017 11:39:38 PM,0.2434210526315789473,0.2134831460674157303,
1.69943389735972E+15,DM-EYE,37,152,24.3421052631578947,38,178,21.3483146067415730,6544,6545,273,1,2/6/2017 11:37:17 PM,0.2434210526315789473,0.2134831460674157303,
1.69943389735972E+15,DM-EYE,37,152,24.3421052631578947,38,178,21.3483146067415730,6544,6545,273,1,2/7/2017 11:36:49 PM,0.2434210526315789473,0.2134831460674157303,
1.69943389735972E+15,DM-EYE,38,152,25.0000000000000000,39,178,21.9101123595505618,6544,6545,273,1,2/8/2017 11:42:10 PM,0.2500000000000000000,0.2191011235955056179,
1.69943389735972E+15,DM-EYE,38,152,25.0000000000000000,39,178,21.9101123595505618,6544,6545,273,1,2/9/2017 11:45:09 PM,0.2500000000000000000,0.2191011235955056179,
1.69943389735972E+15,DM-EYE,39,153,25.4901960784313725,39,178,21.9101123595505618,6544,6545,273,1,2/10/2017 11:39:23 PM,0.2549019607843137254,0.2191011235955056179,
1.69943389735972E+15,DM-EYE,38,153,24.8366013071895425,38,178,21.3483146067415730,6544,6545,273,1,2/12/2017 11:45:19 PM,0.2483660130718954248,0.2134831460674157303,
1.69943389735972E+15,DM-EYE,38,153,24.8366013071895425,38,178,21.3483146067415730,6544,6545,273,1,2/13/2017 11:39:44 PM,0.2483660130718954248,0.2134831460674157303,
1.69943389735972E+15,DM-EYE,38,153,24.8366013071895425,38,178,21.3483146067415730,6544,6545,273,1,2/14/2017 11:41:22 PM,0.2483660130718954248,0.2134831460674157303,
1.69943389735972E+15,DM-EYE,38,153,24.8366013071895425,38,178,21.3483146067415730,6544,6545,273,1,2/15/2017 11:37:15 PM,0.2483660130718954248,0.2134831460674157303,
1.69943389735972E+15,DM-EYE,39,153,25.4901960784313725,39,178,21.9101123595505618,6544,6545,273,1,2/16/2017 11:40:05 PM,0.2549019607843137254,0.2191011235955056179,
1.69943389735972E+15,DM-EYE,39,153,25.4901960784313725,39,178,21.9101123595505618,6544,6545,273,1,2/17/2017 11:37:42 PM,0.2549019607843137254,0.2191011235955056179,
1.69943389735972E+15,DM-EYE,39,153,25.4901960784313725,39,178,21.9101123595505618,6544,6545,273,1,2/19/2017 11:39:47 PM,0.2549019607843137254,0.2191011235955056179,
1.69943389735972E+15,DM-EYE,39,153,25.4901960784313725,39,178,21.9101123595505618,6544,6545,273,1,2/20/2017 11:42:56 PM,0.2549019607843137254,0.2191011235955056179,
1.69943389735972E+15,DM-EYE,39,153,25.4901960784313725,39,178,21.9101123595505618,6544,6545,273,1,2/21/2017 11:41:51 PM,0.2549019607843137254,0.2191011235955056179,
1.69943389735972E+15,DM-EYE,39,153,25.4901960784313725,39,178,21.9101123595505618,6544,6545,273,1,2/22/2017 11:43:52 PM,0.2549019607843137254,0.2191011235955056179,
1.69943389735972E+15,DM-EYE,40,153,26.1437908496732026,40,178,22.4719101123595506,6544,6545,273,1,2/23/2017 11:38:59 PM,0.2614379084967320261,0.2247191011235955056,
1.69943389735972E+15,DM-EYE,40,153,26.1437908496732026,40,178,22.4719101123595506,6544,6545,273,1,2/24/2017 11:40:17 PM,0.2614379084967320261,0.2247191011235955056,
1.69943389735972E+15,DM-EYE,40,153,26.1437908496732026,40,178,22.4719101123595506,6544,6545,273,1,2/26/2017 11:42:24 PM,0.2614379084967320261,0.2247191011235955056,
1.69943389735972E+15,DM-EYE,40,153,26.1437908496732026,40,178,22.4719101123595506,6544,6545,273,1,2/27/2017 11:37:50 PM,0.2614379084967320261,0.2247191011235955056,
1.69943389735972E+15,DM-EYE,40,153,26.1437908496732026,40,178,22.4719101123595506,6544,6545,273,1,2/28/2017 11:42:59 PM,0.2614379084967320261,0.2247191011235955056,
1.69943389735972E+15,DM-EYE,39,153,25.4901960784313725,39,178,21.9101123595505618,6544,6545,273,1,3/1/2017 11:34:52 PM,0.2549019607843137254,0.2191011235955056179,
1.69943389735972E+15,DM-EYE,40,153,26.1437908496732026,40,178,22.4719101123595506,6544,6545,273,1,3/2/2017 11:45:24 PM,0.2614379084967320261,0.2247191011235955056,
1.69943389735972E+15,DM-EYE,40,153,26.1437908496732026,40,178,22.4719101123595506,6544,6545,273,1,3/3/2017 11:37:03 PM,0.2614379084967320261,0.2247191011235955056,
1.69943389735972E+15,DM-EYE,40,153,26.1437908496732026,40,178,22.4719101123595506,6544,6545,273,1,3/5/2017 11:41:13 PM,0.2614379084967320261,0.2247191011235955056,
1.69943389735972E+15,DM-EYE,41,153,26.7973856209150327,41,178,23.0337078651685393,6544,6545,273,1,3/6/2017 11:38:05 PM,0.2679738562091503267,0.2303370786516853932,
1.69943389735972E+15,DM-EYE,42,152,27.6315789473684211,42,177,23.7288135593220339,6544,6545,273,1,3/8/2017 4:24:35 AM,0.2763157894736842105,0.2372881355932203389,
1.69943389735972E+15,DM-EYE,42,152,27.6315789473684211,42,177,23.7288135593220339,6544,6545,273,1,3/8/2017 11:38:32 PM,0.2763157894736842105,0.2372881355932203389,
1.69943389735972E+15,DM-EYE,42,152,27.6315789473684211,42,177,23.7288135593220339,6544,6545,273,1,3/9/2017 11:42:00 PM,0.2763157894736842105,0.2372881355932203389,
1.69943389735972E+15,DM-EYE,42,151,27.8145695364238411,42,176,23.8636363636363636,6544,6545,273,1,3/10/2017 11:37:34 PM,0.2781456953642384105,0.2386363636363636363,
1.69943389735972E+15,DM-EYE,42,151,27.8145695364238411,42,176,23.8636363636363636,6544,6545,273,1,3/12/2017 11:36:30 PM,0.2781456953642384105,0.2386363636363636363,
1.69943389735972E+15,DM-EYE,42,151,27.8145695364238411,42,176,23.8636363636363636,6544,6545,273,1,3/13/2017 11:33:47 PM,0.2781456953642384105,0.2386363636363636363,
1.69943389735972E+15,DM-EYE,42,151,27.8145695364238411,42,176,23.8636363636363636,6544,6545,273,1,3/14/2017 11:41:27 PM,0.2781456953642384105,0.2386363636363636363,
1.69943389735972E+15,DM-EYE,41,150,27.3333333333333333,41,176,23.2954545454545455,6544,6545,273,1,3/15/2017 11:40:55 PM,0.2733333333333333333,0.2329545454545454545,
1.69943389735972E+15,DM-EYE,41,150,27.3333333333333333,41,176,23.2954545454545455,6544,6545,273,1,3/16/2017 11:40:53 PM,0.2733333333333333333,0.2329545454545454545,
1.69943389735972E+15,DM-EYE,41,150,27.3333333333333333,41,176,23.2954545454545455,6544,6545,273,1,3/17/2017 11:38:53 PM,0.2733333333333333333,0.2329545454545454545,
1.69943389735972E+15,DM-EYE,41,149,27.5167785234899329,41,176,23.2954545454545455,6544,6545,273,1,3/19/2017 11:43:44 PM,0.2751677852348993288,0.2329545454545454545,
1.69943389735972E+15,DM-EYE,42,149,28.1879194630872483,42,176,23.8636363636363636,6544,6545,273,1,3/20/2017 11:42:31 PM,0.2818791946308724832,0.2386363636363636363,
1.69943389735972E+15,DM-EYE,43,150,28.6666666666666667,43,177,24.2937853107344633,6544,6545,273,1,3/21/2017 11:37:56 PM,0.2866666666666666666,0.2429378531073446327,
1.69943389735972E+15,DM-EYE,43,150,28.6666666666666667,43,177,24.2937853107344633,6544,6545,273,1,3/22/2017 11:43:05 PM,0.2866666666666666666,0.2429378531073446327,
1.69943389735972E+15,DM-EYE,43,150,28.6666666666666667,43,177,24.2937853107344633,6544,6545,273,1,3/23/2017 11:40:45 PM,0.2866666666666666666,0.2429378531073446327,
1.69943389735972E+15,DM-EYE,43,150,28.6666666666666667,43,177,24.2937853107344633,6544,6545,273,1,3/24/2017 11:41:09 PM,0.2866666666666666666,0.2429378531073446327,
1.69943389735972E+15,DM-EYE,43,150,28.6666666666666667,43,177,24.2937853107344633,6544,6545,273,1,3/26/2017 11:40:17 PM,0.2866666666666666666,0.2429378531073446327,
1.69943389735972E+15,DM-EYE,43,150,28.6666666666666667,43,177,24.2937853107344633,6544,6545,273,1,3/27/2017 11:37:50 PM,0.2866666666666666666,0.2429378531073446327,
1.69943389735972E+15,DM-EYE,44,150,29.3333333333333333,44,177,24.8587570621468927,6544,6545,273,1,3/28/2017 11:36:25 PM,0.2933333333333333333,0.2485875706214689265,
1.69943389735972E+15,DM-EYE,44,150,29.3333333333333333,44,177,24.8587570621468927,6544,6545,273,1,3/29/2017 11:35:09 PM,0.2933333333333333333,0.2485875706214689265,
1.69943389735972E+15,DM-EYE,44,150,29.3333333333333333,44,177,24.8587570621468927,6544,6545,273,1,3/30/2017 11:42:52 PM,0.2933333333333333333,0.2485875706214689265,
1.69943389735972E+15,DM-EYE,44,150,29.3333333333333333,44,177,24.8587570621468927,6544,6545,273,1,3/31/2017 11:44:53 PM,0.2933333333333333333,0.2485875706214689265,
1.69943389735972E+15,DM-EYE,43,150,28.6666666666666667,43,177,24.2937853107344633,6544,6545,273,1,4/2/2017 11:37:28 PM,0.2866666666666666666,0.2429378531073446327,
1.69943389735972E+15,DM-EYE,43,150,28.6666666666666667,43,177,24.2937853107344633,6544,6545,273,1,4/3/2017 11:40:27 PM,0.2866666666666666666,0.2429378531073446327,
1.69943389735972E+15,DM-EYE,43,150,28.6666666666666667,43,177,24.2937853107344633,6544,6545,273,1,4/4/2017 11:35:11 PM,0.2866666666666666666,0.2429378531073446327,
1.69943389735972E+15,DM-EYE,43,150,28.6666666666666667,43,177,24.2937853107344633,6544,6545,273,1,4/5/2017 11:35:29 PM,0.2866666666666666666,0.2429378531073446327,
1.69943389735972E+15,DM-EYE,43,150,28.6666666666666667,43,177,24.2937853107344633,6544,6545,273,1,4/6/2017 11:36:09 PM,0.2866666666666666666,0.2429378531073446327,
1.69943389735972E+15,DM-EYE,42,150,28.0000000000000000,42,177,23.7288135593220339,6544,6545,273,1,4/7/2017 11:41:36 PM,0.2800000000000000000,0.2372881355932203389,
1.69943389735972E+15,DM-EYE,42,150,28.0000000000000000,42,177,23.7288135593220339,6544,6545,273,1,4/9/2017 11:43:43 PM,0.2800000000000000000,0.2372881355932203389,
1.69943389735972E+15,DM-EYE,42,150,28.0000000000000000,42,177,23.7288135593220339,6544,6545,273,1,4/10/2017 11:35:12 PM,0.2800000000000000000,0.2372881355932203389,
1.69943389735972E+15,DM-EYE,45,150,30.0000000000000000,45,177,25.4237288135593220,6544,6545,273,1,4/12/2017 11:34:01 PM,0.3000000000000000000,0.2542372881355932203,
1.69943389735972E+15,DM-EYE,45,150,30.0000000000000000,45,177,25.4237288135593220,6544,6545,273,1,4/13/2017 11:40:55 PM,0.3000000000000000000,0.2542372881355932203,
1.69943389735972E+15,DM-EYE,45,150,30.0000000000000000,45,173,26.0115606936416185,6544,6545,273,1,4/14/2017 11:43:32 PM,0.3000000000000000000,0.2601156069364161849,
1.69943389735972E+15,DM-EYE,44,149,29.5302013422818792,44,173,25.4335260115606936,6544,6545,273,1,4/16/2017 11:37:56 PM,0.2953020134228187919,0.2543352601156069364,
1.69943389735972E+15,DM-EYE,44,148,29.7297297297297297,44,172,25.5813953488372093,6544,6545,273,1,4/17/2017 11:39:52 PM,0.2972972972972972972,0.2558139534883720930,
1.69943389735972E+15,DM-EYE,44,148,29.7297297297297297,44,171,25.7309941520467836,6544,6545,273,1,4/18/2017 11:39:54 PM,0.2972972972972972972,0.2573099415204678362,
1.69943389735972E+15,DM-EYE,44,148,29.7297297297297297,44,171,25.7309941520467836,6544,6545,273,1,4/19/2017 11:39:51 PM,0.2972972972972972972,0.2573099415204678362,
1.69943389735972E+15,DM-EYE,45,148,30.4054054054054054,45,171,26.3157894736842105,6544,6545,273,1,4/20/2017 11:41:07 PM,0.3040540540540540540,0.2631578947368421052,
1.69943389735972E+15,DM-EYE,36,128,28.1250000000000000,36,141,25.5319148936170213,6544,6545,273,1,4/21/2017 11:39:55 PM,0.2812500000000000000,0.2553191489361702127,
1.69943389735972E+15,DM-EYE,36,128,28.1250000000000000,36,141,25.5319148936170213,6544,6545,273,1,4/23/2017 11:38:50 PM,0.2812500000000000000,0.2553191489361702127,
1.69943389735972E+15,DM-EYE,45,148,30.4054054054054054,45,162,27.7777777777777778,6544,6545,273,1,4/24/2017 10:42:50 AM,0.3040540540540540540,0.2777777777777777777,
1.69943389735972E+15,DM-EYE,46,148,31.0810810810810811,46,162,28.3950617283950617,6544,6545,273,1,4/24/2017 11:40:08 PM,0.3108108108108108108,0.2839506172839506172,
1.69943389735972E+15,DM-EYE,46,149,30.8724832214765101,46,162,28.3950617283950617,6544,6545,273,1,4/25/2017 11:38:43 PM,0.3087248322147651006,0.2839506172839506172,
1.69943389735972E+15,DM-EYE,46,149,30.8724832214765101,46,162,28.3950617283950617,6544,6545,273,1,4/26/2017 11:36:41 PM,0.3087248322147651006,0.2839506172839506172,
1.69943389735972E+15,DM-EYE,46,149,30.8724832214765101,46,162,28.3950617283950617,6544,6545,273,1,4/27/2017 11:37:45 PM,0.3087248322147651006,0.2839506172839506172,
1.69943389735972E+15,DM-EYE,46,149,30.8724832214765101,46,160,28.7500000000000000,6544,6545,273,1,4/28/2017 11:40:15 PM,0.3087248322147651006,0.2875000000000000000,
1.69943389735972E+15,DM-EYE,46,149,30.8724832214765101,46,160,28.7500000000000000,6544,6545,273,1,4/30/2017 11:39:03 PM,0.3087248322147651006,0.2875000000000000000,
1.69943389735972E+15,DM-EYE,46,149,30.8724832214765101,46,160,28.7500000000000000,6544,6545,273,1,5/1/2017 11:39:22 PM,0.3087248322147651006,0.2875000000000000000,
1.69943389735972E+15,DM-EYE,45,147,30.6122448979591837,46,159,28.9308176100628931,6544,6545,273,1,5/2/2017 11:39:00 PM,0.3061224489795918367,0.2893081761006289308,
1.69943389735972E+15,DM-EYE,45,147,30.6122448979591837,46,159,28.9308176100628931,6544,6545,273,1,5/3/2017 11:38:32 PM,0.3061224489795918367,0.2893081761006289308,
1.69943389735972E+15,DM-EYE,46,147,31.2925170068027211,47,159,29.5597484276729560,6544,6545,273,1,5/4/2017 11:42:03 PM,0.3129251700680272108,0.2955974842767295597,
1.69943389735972E+15,DM-EYE,45,147,30.6122448979591837,46,159,28.9308176100628931,6544,6545,273,1,5/5/2017 11:44:12 PM,0.3061224489795918367,0.2893081761006289308,
1.69943389735972E+15,DM-EYE,45,147,30.6122448979591837,46,159,28.9308176100628931,6544,6545,273,1,5/7/2017 11:41:55 PM,0.3061224489795918367,0.2893081761006289308,
1.69943389735972E+15,DM-EYE,45,147,30.6122448979591837,46,159,28.9308176100628931,6544,6545,273,1,5/8/2017 11:38:02 PM,0.3061224489795918367,0.2893081761006289308,
1.69943389735972E+15,DM-EYE,45,147,30.6122448979591837,46,159,28.9308176100628931,6544,6545,273,1,5/9/2017 11:45:15 PM,0.3061224489795918367,0.2893081761006289308,
1.69943389735972E+15,DM-EYE,45,147,30.6122448979591837,46,159,28.9308176100628931,6544,6545,273,1,5/10/2017 11:44:36 PM,0.3061224489795918367,0.2893081761006289308,
1.69943389735972E+15,DM-EYE,45,146,30.8219178082191781,46,158,29.1139240506329114,6544,6545,273,1,5/11/2017 11:42:50 PM,0.3082191780821917808,0.2911392405063291139,
1.69943389735972E+15,DM-EYE,46,146,31.5068493150684932,47,156,30.1282051282051282,6544,6545,273,1,5/13/2017 12:00:45 AM,0.3150684931506849315,0.3012820512820512820,
1.69943389735972E+15,DM-EYE,47,146,32.1917808219178082,48,156,30.7692307692307692,6544,6545,273,1,5/15/2017 12:03:36 AM,0.3219178082191780821,0.3076923076923076923,
1.69943389735972E+15,DM-EYE,48,146,32.8767123287671233,49,154,31.8181818181818182,6544,6545,273,1,5/16/2017 12:06:23 AM,0.3287671232876712328,0.3181818181818181818,
1.69943389735972E+15,DM-EYE,48,146,32.8767123287671233,49,154,31.8181818181818182,6544,6545,273,1,5/17/2017 12:05:10 AM,0.3287671232876712328,0.3181818181818181818,
1.69943389735972E+15,DM-EYE,49,146,33.5616438356164384,50,154,32.4675324675324675,6544,6545,273,1,5/18/2017 12:05:55 AM,0.3356164383561643835,0.3246753246753246753,
1.69943389735972E+15,DM-EYE,49,146,33.5616438356164384,50,154,32.4675324675324675,6544,6545,273,1,5/19/2017 12:01:12 AM,0.3356164383561643835,0.3246753246753246753,
1.69943389735972E+15,DM-EYE,49,146,33.5616438356164384,50,154,32.4675324675324675,6544,6545,273,1,5/20/2017 12:05:14 AM,0.3356164383561643835,0.3246753246753246753,
1.69943389735972E+15,DM-EYE,49,146,33.5616438356164384,50,154,32.4675324675324675,6544,6545,273,1,5/22/2017 12:02:19 AM,0.3356164383561643835,0.3246753246753246753,
1.69943389735972E+15,DM-EYE,49,146,33.5616438356164384,50,154,32.4675324675324675,6544,6545,273,1,5/23/2017 12:04:22 AM,0.3356164383561643835,0.3246753246753246753,
1.69943389735972E+15,DM-EYE,50,146,34.2465753424657534,51,154,33.1168831168831169,6544,6545,273,1,5/24/2017 12:08:12 AM,0.3424657534246575342,0.3311688311688311688,
1.69943389735972E+15,DM-EYE,50,146,34.2465753424657534,51,154,33.1168831168831169,6544,6545,273,1,5/25/2017 12:05:48 AM,0.3424657534246575342,0.3311688311688311688,
1.69943389735972E+15,DM-EYE,50,146,34.2465753424657534,51,154,33.1168831168831169,6544,6545,273,1,5/26/2017 12:10:26 AM,0.3424657534246575342,0.3311688311688311688,
1.69943389735972E+15,DM-EYE,50,146,34.2465753424657534,51,154,33.1168831168831169,6544,6545,273,1,5/27/2017 12:05:18 AM,0.3424657534246575342,0.3311688311688311688,
1.69943389735972E+15,DM-EYE,50,146,34.2465753424657534,51,154,33.1168831168831169,6544,6545,273,1,5/29/2017 12:08:19 AM,0.3424657534246575342,0.3311688311688311688,
1.69943389735972E+15,DM-EYE,51,146,34.9315068493150685,52,154,33.7662337662337662,6544,6545,273,1,5/30/2017 12:05:39 AM,0.3493150684931506849,0.3376623376623376623,
1.69943389735972E+15,DM-EYE,51,146,34.9315068493150685,52,154,33.7662337662337662,6544,6545,273,1,5/31/2017 12:02:09 AM,0.3493150684931506849,0.3376623376623376623,
1.69943389735972E+15,DM-EYE,53,146,36.3013698630136986,54,154,35.0649350649350649,6544,6545,273,1,6/1/2017 12:09:15 AM,0.3630136986301369863,0.3506493506493506493,
1.69943389735972E+15,DM-EYE,53,146,36.3013698630136986,54,154,35.0649350649350649,6544,6545,273,1,6/2/2017 12:01:06 AM,0.3630136986301369863,0.3506493506493506493,
1.69943389735972E+15,DM-EYE,53,146,36.3013698630136986,54,154,35.0649350649350649,6544,6545,273,1,6/3/2017 12:06:50 AM,0.3630136986301369863,0.3506493506493506493,
1.69943389735972E+15,DM-EYE,54,146,36.9863013698630137,55,154,35.7142857142857143,6544,6545,273,1,6/4/2017 11:59:31 PM,0.3698630136986301369,0.3571428571428571428,
1.69943389735972E+15,DM-EYE,55,146,37.6712328767123288,56,154,36.3636363636363636,6544,6545,273,1,6/6/2017 12:08:04 AM,0.3767123287671232876,0.3636363636363636363,
1.69943389735972E+15,DM-EYE,55,146,37.6712328767123288,56,154,36.3636363636363636,6544,6545,273,1,6/7/2017 12:03:51 AM,0.3767123287671232876,0.3636363636363636363,
1.69943389735972E+15,DM-EYE,55,146,37.6712328767123288,55,154,35.7142857142857143,6544,6545,273,1,6/8/2017 12:08:50 AM,0.3767123287671232876,0.3571428571428571428,
1.69943389735972E+15,DM-EYE,55,146,37.6712328767123288,55,154,35.7142857142857143,6544,6545,273,1,6/9/2017 12:03:26 AM,0.3767123287671232876,0.3571428571428571428,
1.69943389735972E+15,DM-EYE,56,146,38.3561643835616438,56,154,36.3636363636363636,6544,6545,273,1,6/10/2017 12:04:56 AM,0.3835616438356164383,0.3636363636363636363,
1.69943389735972E+15,DM-EYE,55,145,37.9310344827586207,55,153,35.9477124183006536,6544,6545,273,1,6/12/2017 12:10:03 AM,0.3793103448275862068,0.3594771241830065359,
1.69943389735972E+15,DM-EYE,55,146,37.6712328767123288,55,153,35.9477124183006536,6544,6545,273,1,6/13/2017 12:06:37 AM,0.3767123287671232876,0.3594771241830065359,
1.69943389735972E+15,DM-EYE,55,146,37.6712328767123288,55,153,35.9477124183006536,6544,6545,273,1,6/14/2017 12:08:56 AM,0.3767123287671232876,0.3594771241830065359,
1.69943389735972E+15,DM-EYE,55,146,37.6712328767123288,55,153,35.9477124183006536,6544,6545,273,1,6/15/2017 12:14:54 AM,0.3767123287671232876,0.3594771241830065359,
1.69943389735972E+15,DM-EYE,56,146,38.3561643835616438,56,153,36.6013071895424837,6544,6545,273,1,6/16/2017 12:12:29 AM,0.3835616438356164383,0.3660130718954248366,
1.69943389735972E+15,DM-EYE,56,146,38.3561643835616438,56,153,36.6013071895424837,6544,6545,273,1,6/17/2017 12:13:17 AM,0.3835616438356164383,0.3660130718954248366,
1.69943389735972E+15,DM-EYE,59,146,40.4109589041095890,59,153,38.5620915032679739,6544,6545,273,1,6/19/2017 12:10:56 AM,0.4041095890410958904,0.3856209150326797385,
1.69943389735972E+15,DM-EYE,59,146,40.4109589041095890,59,153,38.5620915032679739,6544,6545,273,1,6/20/2017 12:11:10 AM,0.4041095890410958904,0.3856209150326797385,
1.69943389735972E+15,DM-EYE,59,146,40.4109589041095890,59,153,38.5620915032679739,6544,6545,273,1,6/21/2017 12:10:05 AM,0.4041095890410958904,0.3856209150326797385,
1.69943389735972E+15,DM-EYE,62,146,42.4657534246575342,62,153,40.5228758169934641,6544,6545,273,1,6/22/2017 12:10:48 AM,0.4246575342465753424,0.4052287581699346405,
1.69943389735972E+15,DM-EYE,62,146,42.4657534246575342,62,153,40.5228758169934641,6544,6545,273,1,6/23/2017 12:11:41 AM,0.4246575342465753424,0.4052287581699346405,
1.69943389735972E+15,DM-EYE,62,146,42.4657534246575342,62,153,40.5228758169934641,6544,6545,273,1,6/24/2017 12:09:03 AM,0.4246575342465753424,0.4052287581699346405,
1.69943389735972E+15,DM-EYE,62,146,42.4657534246575342,62,153,40.5228758169934641,6544,6545,273,1,6/26/2017 12:10:59 AM,0.4246575342465753424,0.4052287581699346405,
1.69943389735972E+15,DM-EYE,62,146,42.4657534246575342,62,153,40.5228758169934641,6544,6545,273,1,6/27/2017 12:06:13 AM,0.4246575342465753424,0.4052287581699346405,
1.69943389735972E+15,DM-EYE,63,146,43.1506849315068493,63,153,41.1764705882352941,6544,6545,273,1,6/28/2017 12:06:44 AM,0.4315068493150684931,0.4117647058823529411,
1.69943389735972E+15,DM-EYE,63,146,43.1506849315068493,63,153,41.1764705882352941,6544,6545,273,1,6/29/2017 12:05:28 AM,0.4315068493150684931,0.4117647058823529411,
1.69943389735972E+15,DM-EYE,63,146,43.1506849315068493,63,153,41.1764705882352941,6544,6545,273,1,6/30/2017 12:09:57 AM,0.4315068493150684931,0.4117647058823529411,
1.69943389735972E+15,DM-EYE,63,146,43.1506849315068493,63,153,41.1764705882352941,6544,6545,273,1,7/1/2017 12:11:27 AM,0.4315068493150684931,0.4117647058823529411,
1.69943389735972E+15,DM-EYE,62,146,42.4657534246575342,62,153,40.5228758169934641,6544,6545,273,1,7/3/2017 12:04:38 AM,0.4246575342465753424,0.4052287581699346405,
1.69943389735972E+15,DM-EYE,62,146,42.4657534246575342,62,153,40.5228758169934641,6544,6545,273,1,7/4/2017 12:11:03 AM,0.4246575342465753424,0.4052287581699346405,
1.69943389735972E+15,DM-EYE,62,146,42.4657534246575342,62,153,40.5228758169934641,6544,6545,273,1,7/5/2017 12:07:35 AM,0.4246575342465753424,0.4052287581699346405,
1.69943389735972E+15,DM-EYE,62,146,42.4657534246575342,62,153,40.5228758169934641,6544,6545,273,1,7/6/2017 12:10:55 AM,0.4246575342465753424,0.4052287581699346405,
1.69943389735972E+15,DM-EYE,63,146,43.1506849315068493,63,153,41.1764705882352941,6544,6545,273,1,7/7/2017 12:08:56 AM,0.4315068493150684931,0.4117647058823529411,
1.69943389735972E+15,DM-EYE,63,146,43.1506849315068493,63,153,41.1764705882352941,6544,6545,273,1,7/8/2017 12:03:09 AM,0.4315068493150684931,0.4117647058823529411,
1.69943389735972E+15,DM-EYE,63,146,43.1506849315068493,63,153,41.1764705882352941,6544,6545,273,1,7/10/2017 12:01:11 AM,0.4315068493150684931,0.4117647058823529411,
1.69943389735972E+15,DM-EYE,63,147,42.8571428571428571,63,154,40.9090909090909091,6544,6545,273,1,7/11/2017 12:08:34 AM,0.4285714285714285714,0.4090909090909090909,
1.69943389735972E+15,DM-EYE,63,147,42.8571428571428571,63,154,40.9090909090909091,6544,6545,273,1,7/12/2017 12:11:44 AM,0.4285714285714285714,0.4090909090909090909,
1.69943389735972E+15,DM-EYE,63,147,42.8571428571428571,63,154,40.9090909090909091,6544,6545,273,1,7/13/2017 12:05:30 AM,0.4285714285714285714,0.4090909090909090909,
1.69943389735972E+15,DM-EYE,63,147,42.8571428571428571,63,154,40.9090909090909091,6544,6545,273,1,7/14/2017 12:07:18 AM,0.4285714285714285714,0.4090909090909090909,
1.69943389735972E+15,DM-EYE,63,146,43.1506849315068493,63,153,41.1764705882352941,6544,6545,273,1,7/15/2017 12:08:35 AM,0.4315068493150684931,0.4117647058823529411,
1.69943389735972E+15,DM-EYE,63,146,43.1506849315068493,63,153,41.1764705882352941,6544,6545,273,1,7/17/2017 12:07:29 AM,0.4315068493150684931,0.4117647058823529411,
1.69943389735972E+15,DM-EYE,66,146,45.2054794520547945,66,153,43.1372549019607843,6544,6545,273,1,7/18/2017 12:06:19 AM,0.4520547945205479452,0.4313725490196078431,
1.69943389735972E+15,DM-EYE,66,146,45.2054794520547945,66,153,43.1372549019607843,6544,6545,273,1,7/19/2017 12:11:52 AM,0.4520547945205479452,0.4313725490196078431,
1.69943389735972E+15,DM-EYE,67,146,45.8904109589041096,67,153,43.7908496732026144,6544,6545,273,1,7/20/2017 12:08:38 AM,0.4589041095890410958,0.4379084967320261437,
1.69943389735972E+15,DM-EYE,67,146,45.8904109589041096,67,153,43.7908496732026144,6544,6545,273,1,7/21/2017 12:10:28 AM,0.4589041095890410958,0.4379084967320261437,
1.69943389735972E+15,DM-EYE,67,146,45.8904109589041096,67,153,43.7908496732026144,6544,6545,273,1,7/22/2017 12:09:01 AM,0.4589041095890410958,0.4379084967320261437,
1.69943389735972E+15,DM-EYE,66,146,45.2054794520547945,66,153,43.1372549019607843,6544,6545,273,1,7/24/2017 12:04:12 AM,0.4520547945205479452,0.4313725490196078431,
1.69943389735972E+15,DM-EYE,66,146,45.2054794520547945,66,153,43.1372549019607843,6544,6545,273,1,7/25/2017 12:04:14 AM,0.4520547945205479452,0.4313725490196078431,
1.69943389735972E+15,DM-EYE,66,146,45.2054794520547945,66,153,43.1372549019607843,6544,6545,273,1,7/26/2017 12:10:14 AM,0.4520547945205479452,0.4313725490196078431,
1.69943389735972E+15,DM-EYE,66,146,45.2054794520547945,66,153,43.1372549019607843,6544,6545,273,1,7/27/2017 12:05:50 AM,0.4520547945205479452,0.4313725490196078431,
1.69943389735972E+15,DM-EYE,67,146,45.8904109589041096,67,153,43.7908496732026144,6544,6545,273,1,7/28/2017 12:05:16 AM,0.4589041095890410958,0.4379084967320261437,
1.69943389735972E+15,DM-EYE,67,146,45.8904109589041096,67,153,43.7908496732026144,6544,6545,273,1,7/29/2017 12:07:55 AM,0.4589041095890410958,0.4379084967320261437,
1.69943389735972E+15,DM-EYE,67,146,45.8904109589041096,67,153,43.7908496732026144,6544,6545,273,1,7/31/2017 12:06:04 AM,0.4589041095890410958,0.4379084967320261437,
1.69943389735972E+15,DM-EYE,67,146,45.8904109589041096,67,153,43.7908496732026144,6544,6545,273,1,8/1/2017 12:06:31 AM,0.4589041095890410958,0.4379084967320261437,
1.69943389735972E+15,DM-EYE,66,152,43.4210526315789474,66,153,43.1372549019607843,6544,6545,273,1,8/2/2017 12:09:53 AM,0.4342105263157894736,0.4313725490196078431,
1.69943389735972E+15,DM-EYE,66,152,43.4210526315789474,66,153,43.1372549019607843,6544,6545,273,1,8/3/2017 12:08:49 AM,0.4342105263157894736,0.4313725490196078431,
1.69943389735972E+15,DM-EYE,66,152,43.4210526315789474,66,153,43.1372549019607843,6544,6545,273,1,8/4/2017 12:09:13 AM,0.4342105263157894736,0.4313725490196078431,
1.69943389735972E+15,DM-EYE,67,152,44.0789473684210526,67,153,43.7908496732026144,6544,6545,273,1,8/5/2017 12:10:35 AM,0.4407894736842105263,0.4379084967320261437,
1.69943389735972E+15,DM-EYE,67,152,44.0789473684210526,67,153,43.7908496732026144,6544,6545,273,1,8/7/2017 12:06:45 AM,0.4407894736842105263,0.4379084967320261437,
1.69943389735972E+15,DM-EYE,68,152,44.7368421052631579,68,153,44.4444444444444444,6544,6545,273,1,8/8/2017 12:09:29 AM,0.4473684210526315789,0.4444444444444444444,
1.69943389735972E+15,DM-EYE,71,152,46.7105263157894737,71,153,46.4052287581699346,6544,6545,273,1,8/9/2017 12:14:33 AM,0.4671052631578947368,0.4640522875816993464,
1.69943389735972E+15,DM-EYE,72,152,47.3684210526315789,72,153,47.0588235294117647,6544,6545,273,1,8/10/2017 12:09:52 AM,0.4736842105263157894,0.4705882352941176470,
1.69943389735972E+15,DM-EYE,72,152,47.3684210526315789,72,153,47.0588235294117647,6544,6545,273,1,8/11/2017 12:05:23 AM,0.4736842105263157894,0.4705882352941176470,
1.69943389735972E+15,DM-EYE,72,152,47.3684210526315789,72,153,47.0588235294117647,6544,6545,273,1,8/12/2017 12:09:59 AM,0.4736842105263157894,0.4705882352941176470,
1.69943389735972E+15,DM-EYE,71,152,46.7105263157894737,71,153,46.4052287581699346,6544,6545,273,1,8/14/2017 12:08:06 AM,0.4671052631578947368,0.4640522875816993464,
1.69943389735972E+15,DM-EYE,71,151,47.0198675496688742,71,152,46.7105263157894737,6544,6545,273,1,8/15/2017 12:09:09 AM,0.4701986754966887417,0.4671052631578947368,
1.69943389735972E+15,DM-EYE,72,151,47.6821192052980132,72,152,47.3684210526315789,6544,6545,273,1,8/16/2017 12:11:20 AM,0.4768211920529801324,0.4736842105263157894,
1.69943389735972E+15,DM-EYE,72,151,47.6821192052980132,72,152,47.3684210526315789,6544,6545,273,1,8/17/2017 12:10:53 AM,0.4768211920529801324,0.4736842105263157894,
1.69943389735972E+15,DM-EYE,72,151,47.6821192052980132,72,152,47.3684210526315789,6544,6545,273,1,8/18/2017 12:09:14 AM,0.4768211920529801324,0.4736842105263157894,
1.69943389735972E+15,DM-EYE,72,151,47.6821192052980132,72,152,47.3684210526315789,6544,6545,273,1,8/19/2017 12:08:55 AM,0.4768211920529801324,0.4736842105263157894,
1.69943389735972E+15,DM-EYE,72,151,47.6821192052980132,72,152,47.3684210526315789,6544,6545,273,1,8/21/2017 12:07:00 AM,0.4768211920529801324,0.4736842105263157894,
1.69943389735972E+15,DM-EYE,72,151,47.6821192052980132,72,152,47.3684210526315789,6544,6545,273,1,8/22/2017 12:07:13 AM,0.4768211920529801324,0.4736842105263157894,
1.69943389735972E+15,DM-EYE,72,151,47.6821192052980132,72,152,47.3684210526315789,6544,6545,273,1,8/23/2017 12:11:29 AM,0.4768211920529801324,0.4736842105263157894,
1.69943389735972E+15,DM-EYE,72,151,47.6821192052980132,72,152,47.3684210526315789,6544,6545,273,1,8/24/2017 12:07:08 AM,0.4768211920529801324,0.4736842105263157894,
1.69943389735972E+15,DM-EYE,72,151,47.6821192052980132,72,152,47.3684210526315789,6544,6545,273,1,8/25/2017 12:11:22 AM,0.4768211920529801324,0.4736842105263157894,
1.69943389735972E+15,DM-EYE,72,151,47.6821192052980132,72,152,47.3684210526315789,6544,6545,273,1,8/26/2017 12:12:22 AM,0.4768211920529801324,0.4736842105263157894,
1.69943389735972E+15,DM-EYE,72,151,47.6821192052980132,72,152,47.3684210526315789,6544,6545,273,1,8/28/2017 12:08:04 AM,0.4768211920529801324,0.4736842105263157894,
1.69943389735972E+15,DM-EYE,72,151,47.6821192052980132,72,152,47.3684210526315789,6544,6545,273,1,8/29/2017 12:08:19 AM,0.4768211920529801324,0.4736842105263157894,
1.69943389735972E+15,DM-EYE,73,151,48.3443708609271523,73,152,48.0263157894736842,6544,6545,273,1,8/30/2017 12:08:18 AM,0.4834437086092715231,0.4802631578947368421,
1.69943389735972E+15,DM-EYE,73,151,48.3443708609271523,73,152,48.0263157894736842,6544,6545,273,1,8/31/2017 12:11:06 AM,0.4834437086092715231,0.4802631578947368421,
1.69943389735972E+15,DM-EYE,73,151,48.3443708609271523,73,152,48.0263157894736842,6544,6545,273,1,9/1/2017 12:09:15 AM,0.4834437086092715231,0.4802631578947368421,
1.69943389735972E+15,DM-EYE,69,152,45.3947368421052632,69,153,45.0980392156862745,6544,6545,273,1,9/2/2017 12:09:39 AM,0.4539473684210526315,0.4509803921568627450,
1.69943389735972E+15,DM-EYE,68,152,44.7368421052631579,68,153,44.4444444444444444,6544,6545,273,1,9/4/2017 12:11:07 AM,0.4473684210526315789,0.4444444444444444444,
1.69943389735972E+15,DM-EYE,68,152,44.7368421052631579,68,153,44.4444444444444444,6544,6545,273,1,9/5/2017 12:07:42 AM,0.4473684210526315789,0.4444444444444444444,
1.69943389735972E+15,DM-EYE,68,152,44.7368421052631579,68,153,44.4444444444444444,6544,6545,273,1,9/6/2017 12:10:29 AM,0.4473684210526315789,0.4444444444444444444,
1.69943389735972E+15,DM-EYE,68,152,44.7368421052631579,68,153,44.4444444444444444,6544,6545,273,1,9/7/2017 12:08:15 AM,0.4473684210526315789,0.4444444444444444444,
1.69943389735972E+15,DM-EYE,67,152,44.0789473684210526,67,153,43.7908496732026144,6544,6545,273,1,9/8/2017 12:11:40 AM,0.4407894736842105263,0.4379084967320261437,
1.69943389735972E+15,DM-EYE,69,152,45.3947368421052632,69,153,45.0980392156862745,6544,6545,273,1,9/9/2017 12:09:36 AM,0.4539473684210526315,0.4509803921568627450,
1.69943389735972E+15,DM-EYE,69,151,45.6953642384105960,69,153,45.0980392156862745,6544,6545,273,1,9/11/2017 12:10:16 AM,0.4569536423841059602,0.4509803921568627450,
1.69943389735972E+15,DM-EYE,69,151,45.6953642384105960,69,153,45.0980392156862745,6544,6545,273,1,9/12/2017 12:11:27 AM,0.4569536423841059602,0.4509803921568627450,
1.69943389735972E+15,DM-EYE,69,151,45.6953642384105960,69,153,45.0980392156862745,6544,6545,273,1,9/13/2017 12:10:55 AM,0.4569536423841059602,0.4509803921568627450,
1.69943389735972E+15,DM-EYE,69,151,45.6953642384105960,69,153,45.0980392156862745,6544,6545,273,1,9/14/2017 12:11:40 AM,0.4569536423841059602,0.4509803921568627450,
1.69943389735972E+15,DM-EYE,69,151,45.6953642384105960,69,153,45.0980392156862745,6544,6545,273,1,9/15/2017 12:12:59 AM,0.4569536423841059602,0.4509803921568627450,
1.69943389735972E+15,DM-EYE,69,151,45.6953642384105960,69,153,45.0980392156862745,6544,6545,273,1,9/16/2017 12:14:32 AM,0.4569536423841059602,0.4509803921568627450,
1.69943389735972E+15,DM-EYE,70,152,46.0526315789473684,70,154,45.4545454545454545,6544,6545,273,1,9/20/2017 12:04:10 AM,0.4605263157894736842,0.4545454545454545454,
1.69943389735972E+15,DM-EYE,70,152,46.0526315789473684,70,154,45.4545454545454545,6544,6545,273,1,9/21/2017 12:05:51 AM,0.4605263157894736842,0.4545454545454545454,
1.69943389735972E+15,DM-EYE,71,152,46.7105263157894737,71,154,46.1038961038961039,6544,6545,273,1,9/22/2017 12:12:47 AM,0.4671052631578947368,0.4610389610389610389,
1.69943389735972E+15,DM-EYE,71,152,46.7105263157894737,71,154,46.1038961038961039,6544,6545,273,1,9/23/2017 12:14:43 AM,0.4671052631578947368,0.4610389610389610389,
1.69943389735972E+15,DM-EYE,72,152,47.3684210526315789,72,154,46.7532467532467532,6544,6545,273,1,9/25/2017 12:15:03 AM,0.4736842105263157894,0.4675324675324675324,
1.69943389735972E+15,DM-EYE,73,151,48.3443708609271523,73,153,47.7124183006535948,6544,6545,273,1,9/26/2017 12:15:28 AM,0.4834437086092715231,0.4771241830065359477,
1.69943389735972E+15,DM-EYE,72,151,47.6821192052980132,72,153,47.0588235294117647,6544,6545,273,1,9/27/2017 12:14:55 AM,0.4768211920529801324,0.4705882352941176470,
1.69943389735972E+15,DM-EYE,72,151,47.6821192052980132,72,153,47.0588235294117647,6544,6545,273,1,9/28/2017 12:06:24 AM,0.4768211920529801324,0.4705882352941176470,
1.69943389735972E+15,DM-EYE,72,151,47.6821192052980132,72,153,47.0588235294117647,6544,6545,273,1,9/29/2017 12:11:14 AM,0.4768211920529801324,0.4705882352941176470,
1.69943389735972E+15,DM-EYE,72,150,48.0000000000000000,72,152,47.3684210526315789,6544,6545,273,1,9/30/2017 12:11:09 AM,0.4800000000000000000,0.4736842105263157894,
1.69943389735972E+15,DM-EYE,72,150,48.0000000000000000,72,152,47.3684210526315789,6544,6545,273,1,10/2/2017 12:14:35 AM,0.4800000000000000000,0.4736842105263157894,
1.69943389735972E+15,DM-EYE,73,146,50.0000000000000000,73,148,49.3243243243243243,6544,6545,273,1,10/3/2017 12:10:29 AM,0.5000000000000000000,0.4932432432432432432,
1.69943389735972E+15,DM-EYE,73,146,50.0000000000000000,73,148,49.3243243243243243,6544,6545,273,1,10/4/2017 12:09:44 AM,0.5000000000000000000,0.4932432432432432432,
1.69943389735972E+15,DM-EYE,73,146,50.0000000000000000,73,148,49.3243243243243243,6544,6545,273,1,10/5/2017 12:12:17 AM,0.5000000000000000000,0.4932432432432432432,
1.69943389735972E+15,DM-EYE,74,146,50.6849315068493151,74,148,50.0000000000000000,6544,6545,273,1,10/6/2017 12:15:49 AM,0.5068493150684931506,0.5000000000000000000,
1.69943389735972E+15,DM-EYE,74,146,50.6849315068493151,74,148,50.0000000000000000,6544,6545,273,1,10/7/2017 12:15:03 AM,0.5068493150684931506,0.5000000000000000000,
1.69943389735972E+15,DM-EYE,74,146,50.6849315068493151,74,148,50.0000000000000000,6544,6545,273,1,10/9/2017 12:13:30 AM,0.5068493150684931506,0.5000000000000000000,
1.69943389735972E+15,DM-EYE,74,146,50.6849315068493151,74,148,50.0000000000000000,6544,6545,273,1,10/10/2017 12:12:28 AM,0.5068493150684931506,0.5000000000000000000,
1.69943389735972E+15,DM-EYE,74,146,50.6849315068493151,74,148,50.0000000000000000,6544,6545,273,1,10/11/2017 12:14:27 AM,0.5068493150684931506,0.5000000000000000000,
1.69943389735972E+15,DM-EYE,74,146,50.6849315068493151,74,148,50.0000000000000000,6544,6545,273,1,10/12/2017 12:17:15 AM,0.5068493150684931506,0.5000000000000000000,
1.69943389735972E+15,DM-EYE,74,146,50.6849315068493151,74,148,50.0000000000000000,6544,6545,273,1,10/13/2017 12:22:25 AM,0.5068493150684931506,0.5000000000000000000,
1.69943389735972E+15,DM-EYE,74,146,50.6849315068493151,74,148,50.0000000000000000,6544,6545,273,1,10/14/2017 12:17:20 AM,0.5068493150684931506,0.5000000000000000000,
1.69943389735972E+15,DM-EYE,78,145,53.7931034482758621,78,147,53.0612244897959184,6544,6545,273,1,10/18/2017 1:25:08 PM,0.5379310344827586206,0.5306122448979591836,
1.69943389735972E+15,DM-EYE,78,145,53.7931034482758621,78,147,53.0612244897959184,6544,6545,273,1,10/20/2017 12:09:09 AM,0.5379310344827586206,0.5306122448979591836,
1.69943389735972E+15,DM-EYE,78,145,53.7931034482758621,78,147,53.0612244897959184,6544,6545,273,1,10/21/2017 12:09:06 AM,0.5379310344827586206,0.5306122448979591836,
1.69943389735972E+15,DM-EYE,78,145,53.7931034482758621,78,147,53.0612244897959184,6544,6545,273,1,10/23/2017 12:09:14 AM,0.5379310344827586206,0.5306122448979591836,
1.69943389735972E+15,DM-EYE,78,145,53.7931034482758621,78,147,53.0612244897959184,6544,6545,273,1,10/24/2017 12:10:44 AM,0.5379310344827586206,0.5306122448979591836,
1.69943389735972E+15,DM-EYE,79,145,54.4827586206896552,79,145,54.4827586206896552,6544,6545,273,1,10/25/2017 12:09:35 AM,0.5448275862068965517,0.5448275862068965517,
1.69943389735972E+15,DM-EYE,78,145,53.7931034482758621,78,145,53.7931034482758621,6544,6545,273,1,10/26/2017 12:07:19 AM,0.5379310344827586206,0.5379310344827586206,
1.69943389735972E+15,DM-EYE,79,145,54.4827586206896552,79,145,54.4827586206896552,6544,6545,273,1,10/27/2017 12:10:32 AM,0.5448275862068965517,0.5448275862068965517,
1.69943389735972E+15,DM-EYE,79,145,54.4827586206896552,79,145,54.4827586206896552,6544,6545,273,1,10/28/2017 12:10:39 AM,0.5448275862068965517,0.5448275862068965517,
1.69943389735972E+15,DM-EYE,79,145,54.4827586206896552,79,145,54.4827586206896552,6544,6545,273,1,10/30/2017 12:09:33 AM,0.5448275862068965517,0.5448275862068965517,
1.69943389735972E+15,DM-EYE,79,145,54.4827586206896552,79,145,54.4827586206896552,6544,6545,273,1,10/31/2017 12:10:20 AM,0.5448275862068965517,0.5448275862068965517,
1.69943389735972E+15,DM-FOOT,104,151,68.8741721854304636,104,178,58.4269662921348315,6546,6547,273,1,1/1/2017 11:42:24 PM,0.6887417218543046357,0.5842696629213483146,
1.69943389735972E+15,DM-FOOT,104,151,68.8741721854304636,104,178,58.4269662921348315,6546,6547,273,1,1/2/2017 11:44:00 PM,0.6887417218543046357,0.5842696629213483146,
1.69943389735972E+15,DM-FOOT,106,151,70.1986754966887417,106,178,59.5505617977528090,6546,6547,273,1,1/3/2017 11:38:42 PM,0.7019867549668874172,0.5955056179775280898,
1.69943389735972E+15,DM-FOOT,106,151,70.1986754966887417,106,178,59.5505617977528090,6546,6547,273,1,1/4/2017 11:36:54 PM,0.7019867549668874172,0.5955056179775280898,
1.69943389735972E+15,DM-FOOT,106,151,70.1986754966887417,106,178,59.5505617977528090,6546,6547,273,1,1/5/2017 11:42:38 PM,0.7019867549668874172,0.5955056179775280898,
1.69943389735972E+15,DM-FOOT,107,151,70.8609271523178808,107,178,60.1123595505617978,6546,6547,273,1,1/6/2017 11:42:29 PM,0.7086092715231788079,0.6011235955056179775,
1.69943389735972E+15,DM-FOOT,107,151,70.8609271523178808,107,178,60.1123595505617978,6546,6547,273,1,1/8/2017 11:42:26 PM,0.7086092715231788079,0.6011235955056179775,
1.69943389735972E+15,DM-FOOT,108,151,71.5231788079470199,108,178,60.6741573033707865,6546,6547,273,1,1/9/2017 11:41:51 PM,0.7152317880794701986,0.6067415730337078651,
1.69943389735972E+15,DM-FOOT,108,151,71.5231788079470199,108,178,60.6741573033707865,6546,6547,273,1,1/10/2017 11:45:56 PM,0.7152317880794701986,0.6067415730337078651,
1.69943389735972E+15,DM-FOOT,108,150,72.0000000000000000,108,178,60.6741573033707865,6546,6547,273,1,1/11/2017 11:41:07 PM,0.7200000000000000000,0.6067415730337078651,
1.69943389735972E+15,DM-FOOT,109,150,72.6666666666666667,109,178,61.2359550561797753,6546,6547,273,1,1/12/2017 11:41:44 PM,0.7266666666666666666,0.6123595505617977528,
1.69943389735972E+15,DM-FOOT,109,150,72.6666666666666667,109,178,61.2359550561797753,6546,6547,273,1,1/13/2017 11:44:41 PM,0.7266666666666666666,0.6123595505617977528,
1.69943389735972E+15,DM-FOOT,107,150,71.3333333333333333,107,178,60.1123595505617978,6546,6547,273,1,1/15/2017 11:46:55 PM,0.7133333333333333333,0.6011235955056179775,
1.69943389735972E+15,DM-FOOT,107,150,71.3333333333333333,107,178,60.1123595505617978,6546,6547,273,1,1/16/2017 11:39:20 PM,0.7133333333333333333,0.6011235955056179775,
1.69943389735972E+15,DM-FOOT,107,150,71.3333333333333333,107,178,60.1123595505617978,6546,6547,273,1,1/17/2017 11:44:03 PM,0.7133333333333333333,0.6011235955056179775,
1.69943389735972E+15,DM-FOOT,107,150,71.3333333333333333,107,178,60.1123595505617978,6546,6547,273,1,1/18/2017 11:43:44 PM,0.7133333333333333333,0.6011235955056179775,
1.69943389735972E+15,DM-FOOT,107,151,70.8609271523178808,107,178,60.1123595505617978,6546,6547,273,1,1/19/2017 11:40:33 PM,0.7086092715231788079,0.6011235955056179775,
1.69943389735972E+15,DM-FOOT,107,151,70.8609271523178808,107,178,60.1123595505617978,6546,6547,273,1,1/20/2017 11:44:39 PM,0.7086092715231788079,0.6011235955056179775,
1.69943389735972E+15,DM-FOOT,107,151,70.8609271523178808,107,178,60.1123595505617978,6546,6547,273,1,1/22/2017 11:35:46 PM,0.7086092715231788079,0.6011235955056179775,
1.69943389735972E+15,DM-FOOT,107,151,70.8609271523178808,107,178,60.1123595505617978,6546,6547,273,1,1/23/2017 11:37:49 PM,0.7086092715231788079,0.6011235955056179775,
1.69943389735972E+15,DM-FOOT,107,151,70.8609271523178808,107,178,60.1123595505617978,6546,6547,273,1,1/24/2017 11:35:27 PM,0.7086092715231788079,0.6011235955056179775,
1.69943389735972E+15,DM-FOOT,107,151,70.8609271523178808,107,178,60.1123595505617978,6546,6547,273,1,1/25/2017 11:43:42 PM,0.7086092715231788079,0.6011235955056179775,
1.69943389735972E+15,DM-FOOT,107,151,70.8609271523178808,107,178,60.1123595505617978,6546,6547,273,1,1/26/2017 11:43:10 PM,0.7086092715231788079,0.6011235955056179775,
1.69943389735972E+15,DM-FOOT,107,151,70.8609271523178808,107,178,60.1123595505617978,6546,6547,273,1,1/27/2017 11:40:05 PM,0.7086092715231788079,0.6011235955056179775,
1.69943389735972E+15,DM-FOOT,107,151,70.8609271523178808,107,178,60.1123595505617978,6546,6547,273,1,1/29/2017 11:41:55 PM,0.7086092715231788079,0.6011235955056179775,
1.69943389735972E+15,DM-FOOT,107,151,70.8609271523178808,107,178,60.1123595505617978,6546,6547,273,1,1/30/2017 11:44:46 PM,0.7086092715231788079,0.6011235955056179775,
1.69943389735972E+15,DM-FOOT,106,152,69.7368421052631579,106,178,59.5505617977528090,6546,6547,273,1,1/31/2017 11:47:32 PM,0.6973684210526315789,0.5955056179775280898,
1.69943389735972E+15,DM-FOOT,106,152,69.7368421052631579,106,178,59.5505617977528090,6546,6547,273,1,2/1/2017 11:47:31 PM,0.6973684210526315789,0.5955056179775280898,
1.69943389735972E+15,DM-FOOT,106,152,69.7368421052631579,106,178,59.5505617977528090,6546,6547,273,1,2/2/2017 11:44:54 PM,0.6973684210526315789,0.5955056179775280898,
1.69943389735972E+15,DM-FOOT,106,152,69.7368421052631579,106,178,59.5505617977528090,6546,6547,273,1,2/3/2017 11:40:17 PM,0.6973684210526315789,0.5955056179775280898,
1.69943389735972E+15,DM-FOOT,106,152,69.7368421052631579,106,178,59.5505617977528090,6546,6547,273,1,2/5/2017 11:39:44 PM,0.6973684210526315789,0.5955056179775280898,
1.69943389735972E+15,DM-FOOT,106,152,69.7368421052631579,106,178,59.5505617977528090,6546,6547,273,1,2/6/2017 11:37:23 PM,0.6973684210526315789,0.5955056179775280898,
1.69943389735972E+15,DM-FOOT,106,152,69.7368421052631579,106,178,59.5505617977528090,6546,6547,273,1,2/7/2017 11:36:56 PM,0.6973684210526315789,0.5955056179775280898,
1.69943389735972E+15,DM-FOOT,106,152,69.7368421052631579,106,178,59.5505617977528090,6546,6547,273,1,2/8/2017 11:42:16 PM,0.6973684210526315789,0.5955056179775280898,
1.69943389735972E+15,DM-FOOT,107,152,70.3947368421052632,107,178,60.1123595505617978,6546,6547,273,1,2/9/2017 11:45:15 PM,0.7039473684210526315,0.6011235955056179775,
1.69943389735972E+15,DM-FOOT,107,153,69.9346405228758170,107,178,60.1123595505617978,6546,6547,273,1,2/10/2017 11:39:29 PM,0.6993464052287581699,0.6011235955056179775,
1.69943389735972E+15,DM-FOOT,107,153,69.9346405228758170,107,178,60.1123595505617978,6546,6547,273,1,2/12/2017 11:45:26 PM,0.6993464052287581699,0.6011235955056179775,
1.69943389735972E+15,DM-FOOT,107,153,69.9346405228758170,107,178,60.1123595505617978,6546,6547,273,1,2/13/2017 11:39:50 PM,0.6993464052287581699,0.6011235955056179775,
1.69943389735972E+15,DM-FOOT,107,153,69.9346405228758170,107,178,60.1123595505617978,6546,6547,273,1,2/14/2017 11:41:28 PM,0.6993464052287581699,0.6011235955056179775,
1.69943389735972E+15,DM-FOOT,107,153,69.9346405228758170,107,178,60.1123595505617978,6546,6547,273,1,2/15/2017 11:37:22 PM,0.6993464052287581699,0.6011235955056179775,
1.69943389735972E+15,DM-FOOT,109,153,71.2418300653594771,109,178,61.2359550561797753,6546,6547,273,1,2/16/2017 11:40:11 PM,0.7124183006535947712,0.6123595505617977528,
1.69943389735972E+15,DM-FOOT,109,153,71.2418300653594771,109,178,61.2359550561797753,6546,6547,273,1,2/17/2017 11:37:49 PM,0.7124183006535947712,0.6123595505617977528,
1.69943389735972E+15,DM-FOOT,109,153,71.2418300653594771,109,178,61.2359550561797753,6546,6547,273,1,2/19/2017 11:39:54 PM,0.7124183006535947712,0.6123595505617977528,
1.69943389735972E+15,DM-FOOT,109,153,71.2418300653594771,109,178,61.2359550561797753,6546,6547,273,1,2/20/2017 11:43:03 PM,0.7124183006535947712,0.6123595505617977528,
1.69943389735972E+15,DM-FOOT,109,153,71.2418300653594771,109,178,61.2359550561797753,6546,6547,273,1,2/21/2017 11:41:57 PM,0.7124183006535947712,0.6123595505617977528,
1.69943389735972E+15,DM-FOOT,109,153,71.2418300653594771,109,178,61.2359550561797753,6546,6547,273,1,2/22/2017 11:43:58 PM,0.7124183006535947712,0.6123595505617977528,
1.69943389735972E+15,DM-FOOT,109,153,71.2418300653594771,109,178,61.2359550561797753,6546,6547,273,1,2/23/2017 11:39:05 PM,0.7124183006535947712,0.6123595505617977528,
1.69943389735972E+15,DM-FOOT,109,153,71.2418300653594771,109,178,61.2359550561797753,6546,6547,273,1,2/24/2017 11:40:24 PM,0.7124183006535947712,0.6123595505617977528,
1.69943389735972E+15,DM-FOOT,109,153,71.2418300653594771,109,178,61.2359550561797753,6546,6547,273,1,2/26/2017 11:42:31 PM,0.7124183006535947712,0.6123595505617977528,
1.69943389735972E+15,DM-FOOT,109,153,71.2418300653594771,109,178,61.2359550561797753,6546,6547,273,1,2/27/2017 11:37:56 PM,0.7124183006535947712,0.6123595505617977528,
1.69943389735972E+15,DM-FOOT,109,153,71.2418300653594771,109,178,61.2359550561797753,6546,6547,273,1,2/28/2017 11:43:06 PM,0.7124183006535947712,0.6123595505617977528,
1.69943389735972E+15,DM-FOOT,109,153,71.2418300653594771,109,178,61.2359550561797753,6546,6547,273,1,3/1/2017 11:34:57 PM,0.7124183006535947712,0.6123595505617977528,
1.69943389735972E+15,DM-FOOT,109,153,71.2418300653594771,109,178,61.2359550561797753,6546,6547,273,1,3/2/2017 11:45:29 PM,0.7124183006535947712,0.6123595505617977528,
1.69943389735972E+15,DM-FOOT,111,153,72.5490196078431373,111,178,62.3595505617977528,6546,6547,273,1,3/3/2017 11:37:08 PM,0.7254901960784313725,0.6235955056179775280,
1.69943389735972E+15,DM-FOOT,111,153,72.5490196078431373,111,178,62.3595505617977528,6546,6547,273,1,3/5/2017 11:41:18 PM,0.7254901960784313725,0.6235955056179775280,
1.69943389735972E+15,DM-FOOT,111,153,72.5490196078431373,111,178,62.3595505617977528,6546,6547,273,1,3/6/2017 11:38:10 PM,0.7254901960784313725,0.6235955056179775280,
1.69943389735972E+15,DM-FOOT,110,152,72.3684210526315789,110,177,62.1468926553672316,6546,6547,273,1,3/8/2017 4:24:41 AM,0.7236842105263157894,0.6214689265536723163,
1.69943389735972E+15,DM-FOOT,109,152,71.7105263157894737,109,177,61.5819209039548023,6546,6547,273,1,3/8/2017 11:38:37 PM,0.7171052631578947368,0.6158192090395480225,
1.69943389735972E+15,DM-FOOT,109,152,71.7105263157894737,109,177,61.5819209039548023,6546,6547,273,1,3/9/2017 11:42:05 PM,0.7171052631578947368,0.6158192090395480225,
1.69943389735972E+15,DM-FOOT,109,151,72.1854304635761589,109,176,61.9318181818181818,6546,6547,273,1,3/10/2017 11:37:39 PM,0.7218543046357615894,0.6193181818181818181,
1.69943389735972E+15,DM-FOOT,109,151,72.1854304635761589,109,176,61.9318181818181818,6546,6547,273,1,3/12/2017 11:36:36 PM,0.7218543046357615894,0.6193181818181818181,
1.69943389735972E+15,DM-FOOT,109,151,72.1854304635761589,109,176,61.9318181818181818,6546,6547,273,1,3/13/2017 11:33:52 PM,0.7218543046357615894,0.6193181818181818181,
1.69943389735972E+15,DM-FOOT,108,151,71.5231788079470199,108,176,61.3636363636363636,6546,6547,273,1,3/14/2017 11:41:32 PM,0.7152317880794701986,0.6136363636363636363,
1.69943389735972E+15,DM-FOOT,108,150,72.0000000000000000,108,176,61.3636363636363636,6546,6547,273,1,3/15/2017 11:41:01 PM,0.7200000000000000000,0.6136363636363636363,
1.69943389735972E+15,DM-FOOT,108,150,72.0000000000000000,108,176,61.3636363636363636,6546,6547,273,1,3/16/2017 11:40:58 PM,0.7200000000000000000,0.6136363636363636363,
1.69943389735972E+15,DM-FOOT,108,150,72.0000000000000000,108,176,61.3636363636363636,6546,6547,273,1,3/17/2017 11:38:59 PM,0.7200000000000000000,0.6136363636363636363,
1.69943389735972E+15,DM-FOOT,107,149,71.8120805369127517,107,176,60.7954545454545455,6546,6547,273,1,3/19/2017 11:43:50 PM,0.7181208053691275167,0.6079545454545454545,
1.69943389735972E+15,DM-FOOT,107,149,71.8120805369127517,107,176,60.7954545454545455,6546,6547,273,1,3/20/2017 11:42:36 PM,0.7181208053691275167,0.6079545454545454545,
1.69943389735972E+15,DM-FOOT,108,150,72.0000000000000000,108,177,61.0169491525423729,6546,6547,273,1,3/21/2017 11:38:01 PM,0.7200000000000000000,0.6101694915254237288,
1.69943389735972E+15,DM-FOOT,107,150,71.3333333333333333,107,177,60.4519774011299435,6546,6547,273,1,3/22/2017 11:43:10 PM,0.7133333333333333333,0.6045197740112994350,
1.69943389735972E+15,DM-FOOT,107,150,71.3333333333333333,107,177,60.4519774011299435,6546,6547,273,1,3/23/2017 11:40:50 PM,0.7133333333333333333,0.6045197740112994350,
1.69943389735972E+15,DM-FOOT,106,150,70.6666666666666667,106,177,59.8870056497175141,6546,6547,273,1,3/24/2017 11:41:14 PM,0.7066666666666666666,0.5988700564971751412,
1.69943389735972E+15,DM-FOOT,106,150,70.6666666666666667,106,177,59.8870056497175141,6546,6547,273,1,3/26/2017 11:40:22 PM,0.7066666666666666666,0.5988700564971751412,
1.69943389735972E+15,DM-FOOT,106,150,70.6666666666666667,106,177,59.8870056497175141,6546,6547,273,1,3/27/2017 11:37:55 PM,0.7066666666666666666,0.5988700564971751412,
1.69943389735972E+15,DM-FOOT,106,150,70.6666666666666667,106,177,59.8870056497175141,6546,6547,273,1,3/28/2017 11:36:29 PM,0.7066666666666666666,0.5988700564971751412,
1.69943389735972E+15,DM-FOOT,106,150,70.6666666666666667,106,177,59.8870056497175141,6546,6547,273,1,3/29/2017 11:35:14 PM,0.7066666666666666666,0.5988700564971751412,
1.69943389735972E+15,DM-FOOT,106,150,70.6666666666666667,106,177,59.8870056497175141,6546,6547,273,1,3/30/2017 11:42:57 PM,0.7066666666666666666,0.5988700564971751412,
1.69943389735972E+15,DM-FOOT,105,150,70.0000000000000000,105,177,59.3220338983050847,6546,6547,273,1,3/31/2017 11:44:58 PM,0.7000000000000000000,0.5932203389830508474,
1.69943389735972E+15,DM-FOOT,105,150,70.0000000000000000,105,177,59.3220338983050847,6546,6547,273,1,4/2/2017 11:37:33 PM,0.7000000000000000000,0.5932203389830508474,
1.69943389735972E+15,DM-FOOT,105,150,70.0000000000000000,105,177,59.3220338983050847,6546,6547,273,1,4/3/2017 11:40:32 PM,0.7000000000000000000,0.5932203389830508474,
1.69943389735972E+15,DM-FOOT,105,150,70.0000000000000000,105,177,59.3220338983050847,6546,6547,273,1,4/4/2017 11:35:16 PM,0.7000000000000000000,0.5932203389830508474,
1.69943389735972E+15,DM-FOOT,105,150,70.0000000000000000,105,177,59.3220338983050847,6546,6547,273,1,4/5/2017 11:35:35 PM,0.7000000000000000000,0.5932203389830508474,
1.69943389735972E+15,DM-FOOT,105,150,70.0000000000000000,105,177,59.3220338983050847,6546,6547,273,1,4/6/2017 11:36:15 PM,0.7000000000000000000,0.5932203389830508474,
1.69943389735972E+15,DM-FOOT,104,150,69.3333333333333333,104,177,58.7570621468926554,6546,6547,273,1,4/7/2017 11:41:41 PM,0.6933333333333333333,0.5875706214689265536,
1.69943389735972E+15,DM-FOOT,104,150,69.3333333333333333,104,177,58.7570621468926554,6546,6547,273,1,4/9/2017 11:43:48 PM,0.6933333333333333333,0.5875706214689265536,
1.69943389735972E+15,DM-FOOT,104,150,69.3333333333333333,104,177,58.7570621468926554,6546,6547,273,1,4/10/2017 11:35:17 PM,0.6933333333333333333,0.5875706214689265536,
1.69943389735972E+15,DM-FOOT,103,150,68.6666666666666667,103,177,58.1920903954802260,6546,6547,273,1,4/12/2017 11:34:07 PM,0.6866666666666666666,0.5819209039548022598,
1.69943389735972E+15,DM-FOOT,103,150,68.6666666666666667,103,177,58.1920903954802260,6546,6547,273,1,4/13/2017 11:41:00 PM,0.6866666666666666666,0.5819209039548022598,
1.69943389735972E+15,DM-FOOT,103,150,68.6666666666666667,103,173,59.5375722543352601,6546,6547,273,1,4/14/2017 11:43:37 PM,0.6866666666666666666,0.5953757225433526011,
1.69943389735972E+15,DM-FOOT,104,149,69.7986577181208054,104,173,60.1156069364161850,6546,6547,273,1,4/16/2017 11:38:01 PM,0.6979865771812080536,0.6011560693641618497,
1.69943389735972E+15,DM-FOOT,103,148,69.5945945945945946,103,172,59.8837209302325581,6546,6547,273,1,4/17/2017 11:39:57 PM,0.6959459459459459459,0.5988372093023255813,
1.69943389735972E+15,DM-FOOT,101,148,68.2432432432432432,101,171,59.0643274853801170,6546,6547,273,1,4/18/2017 11:39:59 PM,0.6824324324324324324,0.5906432748538011695,
1.69943389735972E+15,DM-FOOT,101,148,68.2432432432432432,101,171,59.0643274853801170,6546,6547,273,1,4/19/2017 11:39:56 PM,0.6824324324324324324,0.5906432748538011695,
1.69943389735972E+15,DM-FOOT,101,148,68.2432432432432432,101,171,59.0643274853801170,6546,6547,273,1,4/20/2017 11:41:12 PM,0.6824324324324324324,0.5906432748538011695,
1.69943389735972E+15,DM-FOOT,87,128,67.9687500000000000,87,141,61.7021276595744681,6546,6547,273,1,4/21/2017 11:40:01 PM,0.6796875000000000000,0.6170212765957446808,
1.69943389735972E+15,DM-FOOT,87,128,67.9687500000000000,87,141,61.7021276595744681,6546,6547,273,1,4/23/2017 11:38:56 PM,0.6796875000000000000,0.6170212765957446808,
1.69943389735972E+15,DM-FOOT,100,148,67.5675675675675676,100,162,61.7283950617283951,6546,6547,273,1,4/24/2017 10:41:19 AM,0.6756756756756756756,0.6172839506172839506,
1.69943389735972E+15,DM-FOOT,100,148,67.5675675675675676,100,162,61.7283950617283951,6546,6547,273,1,4/24/2017 11:40:13 PM,0.6756756756756756756,0.6172839506172839506,
1.69943389735972E+15,DM-FOOT,99,149,66.4429530201342282,99,162,61.1111111111111111,6546,6547,273,1,4/25/2017 11:38:48 PM,0.6644295302013422818,0.6111111111111111111,
1.69943389735972E+15,DM-FOOT,99,149,66.4429530201342282,99,162,61.1111111111111111,6546,6547,273,1,4/26/2017 11:36:46 PM,0.6644295302013422818,0.6111111111111111111,
1.69943389735972E+15,DM-FOOT,99,149,66.4429530201342282,99,162,61.1111111111111111,6546,6547,273,1,4/27/2017 11:37:50 PM,0.6644295302013422818,0.6111111111111111111,
1.69943389735972E+15,DM-FOOT,101,149,67.7852348993288591,101,160,63.1250000000000000,6546,6547,273,1,4/28/2017 11:40:20 PM,0.6778523489932885906,0.6312500000000000000,
1.69943389735972E+15,DM-FOOT,101,149,67.7852348993288591,101,160,63.1250000000000000,6546,6547,273,1,4/30/2017 11:39:08 PM,0.6778523489932885906,0.6312500000000000000,
1.69943389735972E+15,DM-FOOT,102,149,68.4563758389261745,102,160,63.7500000000000000,6546,6547,273,1,5/1/2017 11:39:27 PM,0.6845637583892617449,0.6375000000000000000,
1.69943389735972E+15,DM-FOOT,101,147,68.7074829931972789,101,159,63.5220125786163522,6546,6547,273,1,5/2/2017 11:39:05 PM,0.6870748299319727891,0.6352201257861635220,
1.69943389735972E+15,DM-FOOT,101,147,68.7074829931972789,101,159,63.5220125786163522,6546,6547,273,1,5/3/2017 11:38:37 PM,0.6870748299319727891,0.6352201257861635220,
1.69943389735972E+15,DM-FOOT,101,147,68.7074829931972789,101,159,63.5220125786163522,6546,6547,273,1,5/4/2017 11:42:08 PM,0.6870748299319727891,0.6352201257861635220,
1.69943389735972E+15,DM-FOOT,100,147,68.0272108843537415,100,159,62.8930817610062893,6546,6547,273,1,5/5/2017 11:44:17 PM,0.6802721088435374149,0.6289308176100628930,
1.69943389735972E+15,DM-FOOT,100,147,68.0272108843537415,100,159,62.8930817610062893,6546,6547,273,1,5/7/2017 11:42:01 PM,0.6802721088435374149,0.6289308176100628930,
1.69943389735972E+15,DM-FOOT,100,147,68.0272108843537415,100,159,62.8930817610062893,6546,6547,273,1,5/8/2017 11:38:07 PM,0.6802721088435374149,0.6289308176100628930,
1.69943389735972E+15,DM-FOOT,100,147,68.0272108843537415,100,159,62.8930817610062893,6546,6547,273,1,5/9/2017 11:45:21 PM,0.6802721088435374149,0.6289308176100628930,
1.69943389735972E+15,DM-FOOT,100,147,68.0272108843537415,100,159,62.8930817610062893,6546,6547,273,1,5/10/2017 11:44:42 PM,0.6802721088435374149,0.6289308176100628930,
1.69943389735972E+15,DM-FOOT,99,146,67.8082191780821918,99,158,62.6582278481012658,6546,6547,273,1,5/11/2017 11:42:55 PM,0.6780821917808219178,0.6265822784810126582,
1.69943389735972E+15,DM-FOOT,101,146,69.1780821917808219,101,156,64.7435897435897436,6546,6547,273,1,5/13/2017 12:00:50 AM,0.6917808219178082191,0.6474358974358974358,
1.69943389735972E+15,DM-FOOT,101,146,69.1780821917808219,101,156,64.7435897435897436,6546,6547,273,1,5/15/2017 12:03:41 AM,0.6917808219178082191,0.6474358974358974358,
1.69943389735972E+15,DM-FOOT,102,146,69.8630136986301370,102,154,66.2337662337662338,6546,6547,273,1,5/16/2017 12:06:28 AM,0.6986301369863013698,0.6623376623376623376,
1.69943389735972E+15,DM-FOOT,101,146,69.1780821917808219,101,154,65.5844155844155844,6546,6547,273,1,5/17/2017 12:05:15 AM,0.6917808219178082191,0.6558441558441558441,
1.69943389735972E+15,DM-FOOT,102,146,69.8630136986301370,102,154,66.2337662337662338,6546,6547,273,1,5/18/2017 12:06:00 AM,0.6986301369863013698,0.6623376623376623376,
1.69943389735972E+15,DM-FOOT,102,146,69.8630136986301370,102,154,66.2337662337662338,6546,6547,273,1,5/19/2017 12:01:17 AM,0.6986301369863013698,0.6623376623376623376,
1.69943389735972E+15,DM-FOOT,101,146,69.1780821917808219,101,154,65.5844155844155844,6546,6547,273,1,5/20/2017 12:05:20 AM,0.6917808219178082191,0.6558441558441558441,
1.69943389735972E+15,DM-FOOT,101,146,69.1780821917808219,101,154,65.5844155844155844,6546,6547,273,1,5/22/2017 12:02:24 AM,0.6917808219178082191,0.6558441558441558441,
1.69943389735972E+15,DM-FOOT,101,146,69.1780821917808219,101,154,65.5844155844155844,6546,6547,273,1,5/23/2017 12:04:27 AM,0.6917808219178082191,0.6558441558441558441,
1.69943389735972E+15,DM-FOOT,103,146,70.5479452054794521,103,154,66.8831168831168831,6546,6547,273,1,5/24/2017 12:08:18 AM,0.7054794520547945205,0.6688311688311688311,
1.69943389735972E+15,DM-FOOT,103,146,70.5479452054794521,103,154,66.8831168831168831,6546,6547,273,1,5/25/2017 12:05:53 AM,0.7054794520547945205,0.6688311688311688311,
1.69943389735972E+15,DM-FOOT,103,146,70.5479452054794521,103,154,66.8831168831168831,6546,6547,273,1,5/26/2017 12:10:31 AM,0.7054794520547945205,0.6688311688311688311,
1.69943389735972E+15,DM-FOOT,102,146,69.8630136986301370,102,154,66.2337662337662338,6546,6547,273,1,5/27/2017 12:05:23 AM,0.6986301369863013698,0.6623376623376623376,
1.69943389735972E+15,DM-FOOT,102,146,69.8630136986301370,102,154,66.2337662337662338,6546,6547,273,1,5/29/2017 12:08:25 AM,0.6986301369863013698,0.6623376623376623376,
1.69943389735972E+15,DM-FOOT,102,146,69.8630136986301370,102,154,66.2337662337662338,6546,6547,273,1,5/30/2017 12:05:45 AM,0.6986301369863013698,0.6623376623376623376,
1.69943389735972E+15,DM-FOOT,102,146,69.8630136986301370,102,154,66.2337662337662338,6546,6547,273,1,5/31/2017 12:02:14 AM,0.6986301369863013698,0.6623376623376623376,
1.69943389735972E+15,DM-FOOT,102,146,69.8630136986301370,102,154,66.2337662337662338,6546,6547,273,1,6/1/2017 12:09:20 AM,0.6986301369863013698,0.6623376623376623376,
1.69943389735972E+15,DM-FOOT,102,146,69.8630136986301370,102,154,66.2337662337662338,6546,6547,273,1,6/2/2017 12:01:11 AM,0.6986301369863013698,0.6623376623376623376,
1.69943389735972E+15,DM-FOOT,102,146,69.8630136986301370,102,154,66.2337662337662338,6546,6547,273,1,6/3/2017 12:06:55 AM,0.6986301369863013698,0.6623376623376623376,
1.69943389735972E+15,DM-FOOT,102,146,69.8630136986301370,102,154,66.2337662337662338,6546,6547,273,1,6/4/2017 11:59:36 PM,0.6986301369863013698,0.6623376623376623376,
1.69943389735972E+15,DM-FOOT,104,146,71.2328767123287671,104,154,67.5324675324675325,6546,6547,273,1,6/6/2017 12:08:10 AM,0.7123287671232876712,0.6753246753246753246,
1.69943389735972E+15,DM-FOOT,104,146,71.2328767123287671,104,154,67.5324675324675325,6546,6547,273,1,6/7/2017 12:03:56 AM,0.7123287671232876712,0.6753246753246753246,
1.69943389735972E+15,DM-FOOT,104,146,71.2328767123287671,104,154,67.5324675324675325,6546,6547,273,1,6/8/2017 12:08:55 AM,0.7123287671232876712,0.6753246753246753246,
1.69943389735972E+15,DM-FOOT,104,146,71.2328767123287671,104,154,67.5324675324675325,6546,6547,273,1,6/9/2017 12:03:32 AM,0.7123287671232876712,0.6753246753246753246,
1.69943389735972E+15,DM-FOOT,104,146,71.2328767123287671,104,154,67.5324675324675325,6546,6547,273,1,6/10/2017 12:05:02 AM,0.7123287671232876712,0.6753246753246753246,
1.69943389735972E+15,DM-FOOT,104,145,71.7241379310344828,104,153,67.9738562091503268,6546,6547,273,1,6/12/2017 12:10:09 AM,0.7172413793103448275,0.6797385620915032679,
1.69943389735972E+15,DM-FOOT,104,146,71.2328767123287671,104,153,67.9738562091503268,6546,6547,273,1,6/13/2017 12:06:43 AM,0.7123287671232876712,0.6797385620915032679,
1.69943389735972E+15,DM-FOOT,105,146,71.9178082191780822,105,153,68.6274509803921569,6546,6547,273,1,6/14/2017 12:09:01 AM,0.7191780821917808219,0.6862745098039215686,
1.69943389735972E+15,DM-FOOT,105,146,71.9178082191780822,105,153,68.6274509803921569,6546,6547,273,1,6/15/2017 12:15:00 AM,0.7191780821917808219,0.6862745098039215686,
1.69943389735972E+15,DM-FOOT,104,146,71.2328767123287671,104,153,67.9738562091503268,6546,6547,273,1,6/16/2017 12:12:34 AM,0.7123287671232876712,0.6797385620915032679,
1.69943389735972E+15,DM-FOOT,104,146,71.2328767123287671,104,153,67.9738562091503268,6546,6547,273,1,6/17/2017 12:13:23 AM,0.7123287671232876712,0.6797385620915032679,
1.69943389735972E+15,DM-FOOT,104,146,71.2328767123287671,104,153,67.9738562091503268,6546,6547,273,1,6/19/2017 12:11:01 AM,0.7123287671232876712,0.6797385620915032679,
1.69943389735972E+15,DM-FOOT,104,146,71.2328767123287671,104,153,67.9738562091503268,6546,6547,273,1,6/20/2017 12:11:15 AM,0.7123287671232876712,0.6797385620915032679,
1.69943389735972E+15,DM-FOOT,104,146,71.2328767123287671,104,153,67.9738562091503268,6546,6547,273,1,6/21/2017 12:10:10 AM,0.7123287671232876712,0.6797385620915032679,
1.69943389735972E+15,DM-FOOT,104,146,71.2328767123287671,104,153,67.9738562091503268,6546,6547,273,1,6/22/2017 12:10:54 AM,0.7123287671232876712,0.6797385620915032679,
1.69943389735972E+15,DM-FOOT,105,146,71.9178082191780822,105,153,68.6274509803921569,6546,6547,273,1,6/23/2017 12:11:47 AM,0.7191780821917808219,0.6862745098039215686,
1.69943389735972E+15,DM-FOOT,105,146,71.9178082191780822,105,153,68.6274509803921569,6546,6547,273,1,6/24/2017 12:09:09 AM,0.7191780821917808219,0.6862745098039215686,
1.69943389735972E+15,DM-FOOT,105,146,71.9178082191780822,105,153,68.6274509803921569,6546,6547,273,1,6/26/2017 12:11:05 AM,0.7191780821917808219,0.6862745098039215686,
1.69943389735972E+15,DM-FOOT,105,146,71.9178082191780822,105,153,68.6274509803921569,6546,6547,273,1,6/27/2017 12:06:19 AM,0.7191780821917808219,0.6862745098039215686,
1.69943389735972E+15,DM-FOOT,106,146,72.6027397260273973,106,153,69.2810457516339869,6546,6547,273,1,6/28/2017 12:06:51 AM,0.7260273972602739726,0.6928104575163398692,
1.69943389735972E+15,DM-FOOT,106,146,72.6027397260273973,106,153,69.2810457516339869,6546,6547,273,1,6/29/2017 12:05:34 AM,0.7260273972602739726,0.6928104575163398692,
1.69943389735972E+15,DM-FOOT,107,146,73.2876712328767123,107,153,69.9346405228758170,6546,6547,273,1,6/30/2017 12:10:02 AM,0.7328767123287671232,0.6993464052287581699,
1.69943389735972E+15,DM-FOOT,107,146,73.2876712328767123,107,153,69.9346405228758170,6546,6547,273,1,7/1/2017 12:11:32 AM,0.7328767123287671232,0.6993464052287581699,
1.69943389735972E+15,DM-FOOT,107,146,73.2876712328767123,107,153,69.9346405228758170,6546,6547,273,1,7/3/2017 12:04:44 AM,0.7328767123287671232,0.6993464052287581699,
1.69943389735972E+15,DM-FOOT,107,146,73.2876712328767123,107,153,69.9346405228758170,6546,6547,273,1,7/4/2017 12:11:08 AM,0.7328767123287671232,0.6993464052287581699,
1.69943389735972E+15,DM-FOOT,107,146,73.2876712328767123,107,153,69.9346405228758170,6546,6547,273,1,7/5/2017 12:07:41 AM,0.7328767123287671232,0.6993464052287581699,
1.69943389735972E+15,DM-FOOT,107,146,73.2876712328767123,107,153,69.9346405228758170,6546,6547,273,1,7/6/2017 12:11:00 AM,0.7328767123287671232,0.6993464052287581699,
1.69943389735972E+15,DM-FOOT,108,146,73.9726027397260274,108,153,70.5882352941176471,6546,6547,273,1,7/7/2017 12:09:02 AM,0.7397260273972602739,0.7058823529411764705,
1.69943389735972E+15,DM-FOOT,108,146,73.9726027397260274,108,153,70.5882352941176471,6546,6547,273,1,7/8/2017 12:03:14 AM,0.7397260273972602739,0.7058823529411764705,
1.69943389735972E+15,DM-FOOT,109,146,74.6575342465753425,109,153,71.2418300653594771,6546,6547,273,1,7/10/2017 12:01:17 AM,0.7465753424657534246,0.7124183006535947712,
1.69943389735972E+15,DM-FOOT,109,147,74.1496598639455782,109,154,70.7792207792207792,6546,6547,273,1,7/11/2017 12:08:40 AM,0.7414965986394557823,0.7077922077922077922,
1.69943389735972E+15,DM-FOOT,110,147,74.8299319727891156,110,154,71.4285714285714286,6546,6547,273,1,7/12/2017 12:11:50 AM,0.7482993197278911564,0.7142857142857142857,
1.69943389735972E+15,DM-FOOT,110,147,74.8299319727891156,110,154,71.4285714285714286,6546,6547,273,1,7/13/2017 12:05:36 AM,0.7482993197278911564,0.7142857142857142857,
1.69943389735972E+15,DM-FOOT,110,147,74.8299319727891156,110,154,71.4285714285714286,6546,6547,273,1,7/14/2017 12:07:24 AM,0.7482993197278911564,0.7142857142857142857,
1.69943389735972E+15,DM-FOOT,110,146,75.3424657534246575,110,153,71.8954248366013072,6546,6547,273,1,7/15/2017 12:08:40 AM,0.7534246575342465753,0.7189542483660130718,
1.69943389735972E+15,DM-FOOT,110,146,75.3424657534246575,110,153,71.8954248366013072,6546,6547,273,1,7/17/2017 12:07:35 AM,0.7534246575342465753,0.7189542483660130718,
1.69943389735972E+15,DM-FOOT,110,146,75.3424657534246575,110,153,71.8954248366013072,6546,6547,273,1,7/18/2017 12:06:24 AM,0.7534246575342465753,0.7189542483660130718,
1.69943389735972E+15,DM-FOOT,110,146,75.3424657534246575,110,153,71.8954248366013072,6546,6547,273,1,7/19/2017 12:11:58 AM,0.7534246575342465753,0.7189542483660130718,
1.69943389735972E+15,DM-FOOT,110,146,75.3424657534246575,110,153,71.8954248366013072,6546,6547,273,1,7/20/2017 12:08:43 AM,0.7534246575342465753,0.7189542483660130718,
1.69943389735972E+15,DM-FOOT,110,146,75.3424657534246575,110,153,71.8954248366013072,6546,6547,273,1,7/21/2017 12:10:33 AM,0.7534246575342465753,0.7189542483660130718,
1.69943389735972E+15,DM-FOOT,109,146,74.6575342465753425,109,153,71.2418300653594771,6546,6547,273,1,7/22/2017 12:09:07 AM,0.7465753424657534246,0.7124183006535947712,
1.69943389735972E+15,DM-FOOT,108,146,73.9726027397260274,108,153,70.5882352941176471,6546,6547,273,1,7/24/2017 12:04:18 AM,0.7397260273972602739,0.7058823529411764705,
1.69943389735972E+15,DM-FOOT,108,146,73.9726027397260274,108,153,70.5882352941176471,6546,6547,273,1,7/25/2017 12:04:20 AM,0.7397260273972602739,0.7058823529411764705,
1.69943389735972E+15,DM-FOOT,110,146,75.3424657534246575,110,153,71.8954248366013072,6546,6547,273,1,7/26/2017 12:10:19 AM,0.7534246575342465753,0.7189542483660130718,
1.69943389735972E+15,DM-FOOT,110,146,75.3424657534246575,110,153,71.8954248366013072,6546,6547,273,1,7/27/2017 12:05:55 AM,0.7534246575342465753,0.7189542483660130718,
1.69943389735972E+15,DM-FOOT,110,146,75.3424657534246575,110,153,71.8954248366013072,6546,6547,273,1,7/28/2017 12:05:22 AM,0.7534246575342465753,0.7189542483660130718,
1.69943389735972E+15,DM-FOOT,111,146,76.0273972602739726,111,153,72.5490196078431373,6546,6547,273,1,7/29/2017 12:08:01 AM,0.7602739726027397260,0.7254901960784313725,
1.69943389735972E+15,DM-FOOT,111,146,76.0273972602739726,111,153,72.5490196078431373,6546,6547,273,1,7/31/2017 12:06:10 AM,0.7602739726027397260,0.7254901960784313725,
1.69943389735972E+15,DM-FOOT,111,146,76.0273972602739726,111,153,72.5490196078431373,6546,6547,273,1,8/1/2017 12:06:36 AM,0.7602739726027397260,0.7254901960784313725,
1.69943389735972E+15,DM-FOOT,111,152,73.0263157894736842,111,153,72.5490196078431373,6546,6547,273,1,8/2/2017 12:09:58 AM,0.7302631578947368421,0.7254901960784313725,
1.69943389735972E+15,DM-FOOT,111,152,73.0263157894736842,111,153,72.5490196078431373,6546,6547,273,1,8/3/2017 12:08:55 AM,0.7302631578947368421,0.7254901960784313725,
1.69943389735972E+15,DM-FOOT,112,152,73.6842105263157895,112,153,73.2026143790849673,6546,6547,273,1,8/4/2017 12:09:19 AM,0.7368421052631578947,0.7320261437908496732,
1.69943389735972E+15,DM-FOOT,114,152,75.0000000000000000,114,153,74.5098039215686275,6546,6547,273,1,8/5/2017 12:10:40 AM,0.7500000000000000000,0.7450980392156862745,
1.69943389735972E+15,DM-FOOT,114,152,75.0000000000000000,114,153,74.5098039215686275,6546,6547,273,1,8/7/2017 12:06:50 AM,0.7500000000000000000,0.7450980392156862745,
1.69943389735972E+15,DM-FOOT,114,152,75.0000000000000000,114,153,74.5098039215686275,6546,6547,273,1,8/8/2017 12:09:35 AM,0.7500000000000000000,0.7450980392156862745,
1.69943389735972E+15,DM-FOOT,113,152,74.3421052631578947,113,153,73.8562091503267974,6546,6547,273,1,8/9/2017 12:14:39 AM,0.7434210526315789473,0.7385620915032679738,
1.69943389735972E+15,DM-FOOT,113,152,74.3421052631578947,113,153,73.8562091503267974,6546,6547,273,1,8/10/2017 12:09:57 AM,0.7434210526315789473,0.7385620915032679738,
1.69943389735972E+15,DM-FOOT,114,152,75.0000000000000000,114,153,74.5098039215686275,6546,6547,273,1,8/11/2017 12:05:29 AM,0.7500000000000000000,0.7450980392156862745,
1.69943389735972E+15,DM-FOOT,114,152,75.0000000000000000,114,153,74.5098039215686275,6546,6547,273,1,8/12/2017 12:10:04 AM,0.7500000000000000000,0.7450980392156862745,
1.69943389735972E+15,DM-FOOT,114,152,75.0000000000000000,114,153,74.5098039215686275,6546,6547,273,1,8/14/2017 12:08:12 AM,0.7500000000000000000,0.7450980392156862745,
1.69943389735972E+15,DM-FOOT,114,151,75.4966887417218543,114,152,75.0000000000000000,6546,6547,273,1,8/15/2017 12:09:14 AM,0.7549668874172185430,0.7500000000000000000,
1.69943389735972E+15,DM-FOOT,113,151,74.8344370860927152,113,152,74.3421052631578947,6546,6547,273,1,8/16/2017 12:11:26 AM,0.7483443708609271523,0.7434210526315789473,
1.69943389735972E+15,DM-FOOT,113,151,74.8344370860927152,113,152,74.3421052631578947,6546,6547,273,1,8/17/2017 12:10:58 AM,0.7483443708609271523,0.7434210526315789473,
1.69943389735972E+15,DM-FOOT,113,151,74.8344370860927152,113,152,74.3421052631578947,6546,6547,273,1,8/18/2017 12:09:19 AM,0.7483443708609271523,0.7434210526315789473,
1.69943389735972E+15,DM-FOOT,113,151,74.8344370860927152,113,152,74.3421052631578947,6546,6547,273,1,8/19/2017 12:09:01 AM,0.7483443708609271523,0.7434210526315789473,
1.69943389735972E+15,DM-FOOT,113,151,74.8344370860927152,113,152,74.3421052631578947,6546,6547,273,1,8/21/2017 12:07:05 AM,0.7483443708609271523,0.7434210526315789473,
1.69943389735972E+15,DM-FOOT,113,151,74.8344370860927152,113,152,74.3421052631578947,6546,6547,273,1,8/22/2017 12:07:18 AM,0.7483443708609271523,0.7434210526315789473,
1.69943389735972E+15,DM-FOOT,114,151,75.4966887417218543,114,152,75.0000000000000000,6546,6547,273,1,8/23/2017 12:11:35 AM,0.7549668874172185430,0.7500000000000000000,
1.69943389735972E+15,DM-FOOT,114,151,75.4966887417218543,114,152,75.0000000000000000,6546,6547,273,1,8/24/2017 12:07:13 AM,0.7549668874172185430,0.7500000000000000000,
1.69943389735972E+15,DM-FOOT,114,151,75.4966887417218543,114,152,75.0000000000000000,6546,6547,273,1,8/25/2017 12:11:36 AM,0.7549668874172185430,0.7500000000000000000,
1.69943389735972E+15,DM-FOOT,114,151,75.4966887417218543,114,152,75.0000000000000000,6546,6547,273,1,8/26/2017 12:12:27 AM,0.7549668874172185430,0.7500000000000000000,
1.69943389735972E+15,DM-FOOT,114,151,75.4966887417218543,114,152,75.0000000000000000,6546,6547,273,1,8/28/2017 12:08:09 AM,0.7549668874172185430,0.7500000000000000000,
1.69943389735972E+15,DM-FOOT,114,151,75.4966887417218543,114,152,75.0000000000000000,6546,6547,273,1,8/29/2017 12:08:25 AM,0.7549668874172185430,0.7500000000000000000,
1.69943389735972E+15,DM-FOOT,115,151,76.1589403973509934,115,152,75.6578947368421053,6546,6547,273,1,8/30/2017 12:08:23 AM,0.7615894039735099337,0.7565789473684210526,
1.69943389735972E+15,DM-FOOT,115,151,76.1589403973509934,115,152,75.6578947368421053,6546,6547,273,1,8/31/2017 12:11:12 AM,0.7615894039735099337,0.7565789473684210526,
1.69943389735972E+15,DM-FOOT,115,151,76.1589403973509934,115,152,75.6578947368421053,6546,6547,273,1,9/1/2017 12:09:20 AM,0.7615894039735099337,0.7565789473684210526,
1.69943389735972E+15,DM-FOOT,116,152,76.3157894736842105,116,153,75.8169934640522876,6546,6547,273,1,9/2/2017 12:09:45 AM,0.7631578947368421052,0.7581699346405228758,
1.69943389735972E+15,DM-FOOT,115,152,75.6578947368421053,115,153,75.1633986928104575,6546,6547,273,1,9/4/2017 12:11:13 AM,0.7565789473684210526,0.7516339869281045751,
1.69943389735972E+15,DM-FOOT,115,152,75.6578947368421053,115,153,75.1633986928104575,6546,6547,273,1,9/5/2017 12:07:48 AM,0.7565789473684210526,0.7516339869281045751,
1.69943389735972E+15,DM-FOOT,115,152,75.6578947368421053,115,153,75.1633986928104575,6546,6547,273,1,9/6/2017 12:10:34 AM,0.7565789473684210526,0.7516339869281045751,
1.69943389735972E+15,DM-FOOT,115,152,75.6578947368421053,115,153,75.1633986928104575,6546,6547,273,1,9/7/2017 12:08:22 AM,0.7565789473684210526,0.7516339869281045751,
1.69943389735972E+15,DM-FOOT,115,152,75.6578947368421053,115,153,75.1633986928104575,6546,6547,273,1,9/8/2017 12:11:45 AM,0.7565789473684210526,0.7516339869281045751,
1.69943389735972E+15,DM-FOOT,116,152,76.3157894736842105,116,153,75.8169934640522876,6546,6547,273,1,9/9/2017 12:09:42 AM,0.7631578947368421052,0.7581699346405228758,
1.69943389735972E+15,DM-FOOT,116,151,76.8211920529801325,116,153,75.8169934640522876,6546,6547,273,1,9/11/2017 12:10:22 AM,0.7682119205298013245,0.7581699346405228758,
1.69943389735972E+15,DM-FOOT,116,151,76.8211920529801325,116,153,75.8169934640522876,6546,6547,273,1,9/12/2017 12:11:33 AM,0.7682119205298013245,0.7581699346405228758,
1.69943389735972E+15,DM-FOOT,116,151,76.8211920529801325,116,153,75.8169934640522876,6546,6547,273,1,9/13/2017 12:11:00 AM,0.7682119205298013245,0.7581699346405228758,
1.69943389735972E+15,DM-FOOT,114,151,75.4966887417218543,114,153,74.5098039215686275,6546,6547,273,1,9/14/2017 12:11:45 AM,0.7549668874172185430,0.7450980392156862745,
1.69943389735972E+15,DM-FOOT,114,151,75.4966887417218543,114,153,74.5098039215686275,6546,6547,273,1,9/15/2017 12:13:05 AM,0.7549668874172185430,0.7450980392156862745,
1.69943389735972E+15,DM-FOOT,113,151,74.8344370860927152,113,153,73.8562091503267974,6546,6547,273,1,9/16/2017 12:14:37 AM,0.7483443708609271523,0.7385620915032679738,
1.69943389735972E+15,DM-FOOT,113,152,74.3421052631578947,113,154,73.3766233766233766,6546,6547,273,1,9/20/2017 12:04:15 AM,0.7434210526315789473,0.7337662337662337662,
1.69943389735972E+15,DM-FOOT,112,152,73.6842105263157895,112,154,72.7272727272727273,6546,6547,273,1,9/21/2017 12:05:57 AM,0.7368421052631578947,0.7272727272727272727,
1.69943389735972E+15,DM-FOOT,113,152,74.3421052631578947,113,154,73.3766233766233766,6546,6547,273,1,9/22/2017 12:12:53 AM,0.7434210526315789473,0.7337662337662337662,
1.69943389735972E+15,DM-FOOT,113,152,74.3421052631578947,113,154,73.3766233766233766,6546,6547,273,1,9/23/2017 12:14:49 AM,0.7434210526315789473,0.7337662337662337662,
1.69943389735972E+15,DM-FOOT,113,152,74.3421052631578947,113,154,73.3766233766233766,6546,6547,273,1,9/25/2017 12:15:09 AM,0.7434210526315789473,0.7337662337662337662,
1.69943389735972E+15,DM-FOOT,112,151,74.1721854304635762,112,153,73.2026143790849673,6546,6547,273,1,9/26/2017 12:15:35 AM,0.7417218543046357615,0.7320261437908496732,
1.69943389735972E+15,DM-FOOT,112,151,74.1721854304635762,112,153,73.2026143790849673,6546,6547,273,1,9/27/2017 12:15:01 AM,0.7417218543046357615,0.7320261437908496732,
1.69943389735972E+15,DM-FOOT,112,151,74.1721854304635762,112,153,73.2026143790849673,6546,6547,273,1,9/28/2017 12:06:30 AM,0.7417218543046357615,0.7320261437908496732,
1.69943389735972E+15,DM-FOOT,112,151,74.1721854304635762,112,153,73.2026143790849673,6546,6547,273,1,9/29/2017 12:11:20 AM,0.7417218543046357615,0.7320261437908496732,
1.69943389735972E+15,DM-FOOT,110,150,73.3333333333333333,110,152,72.3684210526315789,6546,6547,273,1,9/30/2017 12:11:15 AM,0.7333333333333333333,0.7236842105263157894,
1.69943389735972E+15,DM-FOOT,109,150,72.6666666666666667,109,152,71.7105263157894737,6546,6547,273,1,10/2/2017 12:14:41 AM,0.7266666666666666666,0.7171052631578947368,
1.69943389735972E+15,DM-FOOT,109,146,74.6575342465753425,109,148,73.6486486486486486,6546,6547,273,1,10/3/2017 12:10:37 AM,0.7465753424657534246,0.7364864864864864864,
1.69943389735972E+15,DM-FOOT,108,146,73.9726027397260274,108,148,72.9729729729729730,6546,6547,273,1,10/4/2017 12:09:50 AM,0.7397260273972602739,0.7297297297297297297,
1.69943389735972E+15,DM-FOOT,108,146,73.9726027397260274,108,148,72.9729729729729730,6546,6547,273,1,10/5/2017 12:12:23 AM,0.7397260273972602739,0.7297297297297297297,
1.69943389735972E+15,DM-FOOT,108,146,73.9726027397260274,108,148,72.9729729729729730,6546,6547,273,1,10/6/2017 12:15:55 AM,0.7397260273972602739,0.7297297297297297297,
1.69943389735972E+15,DM-FOOT,108,146,73.9726027397260274,108,148,72.9729729729729730,6546,6547,273,1,10/7/2017 12:15:09 AM,0.7397260273972602739,0.7297297297297297297,
1.69943389735972E+15,DM-FOOT,108,146,73.9726027397260274,108,148,72.9729729729729730,6546,6547,273,1,10/9/2017 12:13:36 AM,0.7397260273972602739,0.7297297297297297297,
1.69943389735972E+15,DM-FOOT,108,146,73.9726027397260274,108,148,72.9729729729729730,6546,6547,273,1,10/10/2017 12:12:34 AM,0.7397260273972602739,0.7297297297297297297,
1.69943389735972E+15,DM-FOOT,109,146,74.6575342465753425,109,148,73.6486486486486486,6546,6547,273,1,10/11/2017 12:14:33 AM,0.7465753424657534246,0.7364864864864864864,
1.69943389735972E+15,DM-FOOT,109,146,74.6575342465753425,109,148,73.6486486486486486,6546,6547,273,1,10/12/2017 12:17:21 AM,0.7465753424657534246,0.7364864864864864864,
1.69943389735972E+15,DM-FOOT,109,146,74.6575342465753425,109,148,73.6486486486486486,6546,6547,273,1,10/13/2017 12:22:31 AM,0.7465753424657534246,0.7364864864864864864,
1.69943389735972E+15,DM-FOOT,108,146,73.9726027397260274,108,148,72.9729729729729730,6546,6547,273,1,10/14/2017 12:17:26 AM,0.7397260273972602739,0.7297297297297297297,
1.69943389735972E+15,DM-FOOT,108,145,74.4827586206896552,108,147,73.4693877551020408,6546,6547,273,1,10/18/2017 1:25:12 PM,0.7448275862068965517,0.7346938775510204081,
1.69943389735972E+15,DM-FOOT,107,145,73.7931034482758621,107,147,72.7891156462585034,6546,6547,273,1,10/20/2017 12:09:14 AM,0.7379310344827586206,0.7278911564625850340,
1.69943389735972E+15,DM-FOOT,106,145,73.1034482758620690,106,147,72.1088435374149660,6546,6547,273,1,10/21/2017 12:09:11 AM,0.7310344827586206896,0.7210884353741496598,
1.69943389735972E+15,DM-FOOT,106,145,73.1034482758620690,106,147,72.1088435374149660,6546,6547,273,1,10/23/2017 12:09:18 AM,0.7310344827586206896,0.7210884353741496598,
1.69943389735972E+15,DM-FOOT,108,145,74.4827586206896552,108,147,73.4693877551020408,6546,6547,273,1,10/24/2017 12:10:48 AM,0.7448275862068965517,0.7346938775510204081,
1.69943389735972E+15,DM-FOOT,108,145,74.4827586206896552,108,145,74.4827586206896552,6546,6547,273,1,10/25/2017 12:09:40 AM,0.7448275862068965517,0.7448275862068965517,
1.69943389735972E+15,DM-FOOT,107,145,73.7931034482758621,107,145,73.7931034482758621,6546,6547,273,1,10/26/2017 12:07:24 AM,0.7379310344827586206,0.7379310344827586206,
1.69943389735972E+15,DM-FOOT,107,145,73.7931034482758621,107,145,73.7931034482758621,6546,6547,273,1,10/27/2017 12:10:36 AM,0.7379310344827586206,0.7379310344827586206,
1.69943389735972E+15,DM-FOOT,107,145,73.7931034482758621,107,145,73.7931034482758621,6546,6547,273,1,10/28/2017 12:10:43 AM,0.7379310344827586206,0.7379310344827586206,
1.69943389735972E+15,DM-FOOT,107,145,73.7931034482758621,107,145,73.7931034482758621,6546,6547,273,1,10/30/2017 12:09:38 AM,0.7379310344827586206,0.7379310344827586206,
1.69943389735972E+15,DM-FOOT,107,145,73.7931034482758621,107,145,73.7931034482758621,6546,6547,273,1,10/31/2017 12:10:25 AM,0.7379310344827586206,0.7379310344827586206,
1.69943389735972E+15,DM-KIDNEY,100,151,66.2251655629139073,101,178,56.7415730337078652,6552,6553,273,1,1/1/2017 11:42:30 PM,0.6622516556291390728,0.5674157303370786516,
1.69943389735972E+15,DM-KIDNEY,101,151,66.8874172185430464,102,178,57.3033707865168539,6552,6553,273,1,1/2/2017 11:44:06 PM,0.6688741721854304635,0.5730337078651685393,
1.69943389735972E+15,DM-KIDNEY,101,151,66.8874172185430464,102,178,57.3033707865168539,6552,6553,273,1,1/3/2017 11:38:48 PM,0.6688741721854304635,0.5730337078651685393,
1.69943389735972E+15,DM-KIDNEY,101,151,66.8874172185430464,102,178,57.3033707865168539,6552,6553,273,1,1/4/2017 11:37:00 PM,0.6688741721854304635,0.5730337078651685393,
1.69943389735972E+15,DM-KIDNEY,100,151,66.2251655629139073,101,178,56.7415730337078652,6552,6553,273,1,1/5/2017 11:42:44 PM,0.6622516556291390728,0.5674157303370786516,
1.69943389735972E+15,DM-KIDNEY,99,151,65.5629139072847682,100,178,56.1797752808988764,6552,6553,273,1,1/6/2017 11:42:35 PM,0.6556291390728476821,0.5617977528089887640,
1.69943389735972E+15,DM-KIDNEY,99,151,65.5629139072847682,100,178,56.1797752808988764,6552,6553,273,1,1/8/2017 11:42:32 PM,0.6556291390728476821,0.5617977528089887640,
1.69943389735972E+15,DM-KIDNEY,99,151,65.5629139072847682,100,178,56.1797752808988764,6552,6553,273,1,1/9/2017 11:41:57 PM,0.6556291390728476821,0.5617977528089887640,
1.69943389735972E+15,DM-KIDNEY,99,151,65.5629139072847682,100,178,56.1797752808988764,6552,6553,273,1,1/10/2017 11:46:02 PM,0.6556291390728476821,0.5617977528089887640,
1.69943389735972E+15,DM-KIDNEY,99,150,66.0000000000000000,100,178,56.1797752808988764,6552,6553,273,1,1/11/2017 11:41:13 PM,0.6600000000000000000,0.5617977528089887640,
1.69943389735972E+15,DM-KIDNEY,99,150,66.0000000000000000,100,178,56.1797752808988764,6552,6553,273,1,1/12/2017 11:41:51 PM,0.6600000000000000000,0.5617977528089887640,
1.69943389735972E+15,DM-KIDNEY,99,150,66.0000000000000000,100,178,56.1797752808988764,6552,6553,273,1,1/13/2017 11:44:47 PM,0.6600000000000000000,0.5617977528089887640,
1.69943389735972E+15,DM-KIDNEY,99,150,66.0000000000000000,100,178,56.1797752808988764,6552,6553,273,1,1/15/2017 11:47:01 PM,0.6600000000000000000,0.5617977528089887640,
1.69943389735972E+15,DM-KIDNEY,99,150,66.0000000000000000,100,178,56.1797752808988764,6552,6553,273,1,1/16/2017 11:39:26 PM,0.6600000000000000000,0.5617977528089887640,
1.69943389735972E+15,DM-KIDNEY,99,150,66.0000000000000000,100,178,56.1797752808988764,6552,6553,273,1,1/17/2017 11:44:09 PM,0.6600000000000000000,0.5617977528089887640,
1.69943389735972E+15,DM-KIDNEY,99,150,66.0000000000000000,100,178,56.1797752808988764,6552,6553,273,1,1/18/2017 11:43:50 PM,0.6600000000000000000,0.5617977528089887640,
1.69943389735972E+15,DM-KIDNEY,99,151,65.5629139072847682,100,178,56.1797752808988764,6552,6553,273,1,1/19/2017 11:40:39 PM,0.6556291390728476821,0.5617977528089887640,
1.69943389735972E+15,DM-KIDNEY,99,151,65.5629139072847682,100,178,56.1797752808988764,6552,6553,273,1,1/20/2017 11:44:45 PM,0.6556291390728476821,0.5617977528089887640,
1.69943389735972E+15,DM-KIDNEY,97,151,64.2384105960264901,98,178,55.0561797752808989,6552,6553,273,1,1/22/2017 11:35:52 PM,0.6423841059602649006,0.5505617977528089887,
1.69943389735972E+15,DM-KIDNEY,97,151,64.2384105960264901,98,178,55.0561797752808989,6552,6553,273,1,1/23/2017 11:37:55 PM,0.6423841059602649006,0.5505617977528089887,
1.69943389735972E+15,DM-KIDNEY,96,151,63.5761589403973510,97,178,54.4943820224719101,6552,6553,273,1,1/24/2017 11:35:33 PM,0.6357615894039735099,0.5449438202247191011,
1.69943389735972E+15,DM-KIDNEY,96,151,63.5761589403973510,97,178,54.4943820224719101,6552,6553,273,1,1/25/2017 11:43:48 PM,0.6357615894039735099,0.5449438202247191011,
1.69943389735972E+15,DM-KIDNEY,96,151,63.5761589403973510,97,178,54.4943820224719101,6552,6553,273,1,1/26/2017 11:43:16 PM,0.6357615894039735099,0.5449438202247191011,
1.69943389735972E+15,DM-KIDNEY,96,151,63.5761589403973510,97,178,54.4943820224719101,6552,6553,273,1,1/27/2017 11:40:11 PM,0.6357615894039735099,0.5449438202247191011,
1.69943389735972E+15,DM-KIDNEY,96,151,63.5761589403973510,97,178,54.4943820224719101,6552,6553,273,1,1/29/2017 11:42:01 PM,0.6357615894039735099,0.5449438202247191011,
1.69943389735972E+15,DM-KIDNEY,97,151,64.2384105960264901,98,178,55.0561797752808989,6552,6553,273,1,1/30/2017 11:44:52 PM,0.6423841059602649006,0.5505617977528089887,
1.69943389735972E+15,DM-KIDNEY,98,152,64.4736842105263158,98,178,55.0561797752808989,6552,6553,273,1,1/31/2017 11:47:38 PM,0.6447368421052631578,0.5505617977528089887,
1.69943389735972E+15,DM-KIDNEY,96,152,63.1578947368421053,96,178,53.9325842696629213,6552,6553,273,1,2/1/2017 11:47:37 PM,0.6315789473684210526,0.5393258426966292134,
1.69943389735972E+15,DM-KIDNEY,95,152,62.5000000000000000,95,178,53.3707865168539326,6552,6553,273,1,2/2/2017 11:45:01 PM,0.6250000000000000000,0.5337078651685393258,
1.69943389735972E+15,DM-KIDNEY,96,152,63.1578947368421053,96,178,53.9325842696629213,6552,6553,273,1,2/3/2017 11:40:23 PM,0.6315789473684210526,0.5393258426966292134,
1.69943389735972E+15,DM-KIDNEY,96,152,63.1578947368421053,96,178,53.9325842696629213,6552,6553,273,1,2/5/2017 11:39:50 PM,0.6315789473684210526,0.5393258426966292134,
1.69943389735972E+15,DM-KIDNEY,96,152,63.1578947368421053,96,178,53.9325842696629213,6552,6553,273,1,2/6/2017 11:37:29 PM,0.6315789473684210526,0.5393258426966292134,
1.69943389735972E+15,DM-KIDNEY,96,152,63.1578947368421053,96,178,53.9325842696629213,6552,6553,273,1,2/7/2017 11:37:02 PM,0.6315789473684210526,0.5393258426966292134,
1.69943389735972E+15,DM-KIDNEY,96,152,63.1578947368421053,96,178,53.9325842696629213,6552,6553,273,1,2/8/2017 11:42:22 PM,0.6315789473684210526,0.5393258426966292134,
1.69943389735972E+15,DM-KIDNEY,96,152,63.1578947368421053,96,178,53.9325842696629213,6552,6553,273,1,2/9/2017 11:45:22 PM,0.6315789473684210526,0.5393258426966292134,
1.69943389735972E+15,DM-KIDNEY,95,153,62.0915032679738562,95,178,53.3707865168539326,6552,6553,273,1,2/10/2017 11:39:35 PM,0.6209150326797385620,0.5337078651685393258,
1.69943389735972E+15,DM-KIDNEY,94,153,61.4379084967320261,94,178,52.8089887640449438,6552,6553,273,1,2/12/2017 11:45:32 PM,0.6143790849673202614,0.5280898876404494382,
1.69943389735972E+15,DM-KIDNEY,94,153,61.4379084967320261,94,178,52.8089887640449438,6552,6553,273,1,2/13/2017 11:39:56 PM,0.6143790849673202614,0.5280898876404494382,
1.69943389735972E+15,DM-KIDNEY,94,153,61.4379084967320261,94,178,52.8089887640449438,6552,6553,273,1,2/14/2017 11:41:34 PM,0.6143790849673202614,0.5280898876404494382,
1.69943389735972E+15,DM-KIDNEY,97,153,63.3986928104575163,97,178,54.4943820224719101,6552,6553,273,1,2/15/2017 11:37:28 PM,0.6339869281045751633,0.5449438202247191011,
1.69943389735972E+15,DM-KIDNEY,97,153,63.3986928104575163,97,178,54.4943820224719101,6552,6553,273,1,2/16/2017 11:40:17 PM,0.6339869281045751633,0.5449438202247191011,
1.69943389735972E+15,DM-KIDNEY,97,153,63.3986928104575163,97,178,54.4943820224719101,6552,6553,273,1,2/17/2017 11:37:55 PM,0.6339869281045751633,0.5449438202247191011,
1.69943389735972E+15,DM-KIDNEY,96,153,62.7450980392156863,96,178,53.9325842696629213,6552,6553,273,1,2/19/2017 11:40:00 PM,0.6274509803921568627,0.5393258426966292134,
1.69943389735972E+15,DM-KIDNEY,96,153,62.7450980392156863,96,178,53.9325842696629213,6552,6553,273,1,2/20/2017 11:43:09 PM,0.6274509803921568627,0.5393258426966292134,
1.69943389735972E+15,DM-KIDNEY,97,153,63.3986928104575163,97,178,54.4943820224719101,6552,6553,273,1,2/21/2017 11:42:03 PM,0.6339869281045751633,0.5449438202247191011,
1.69943389735972E+15,DM-KIDNEY,97,153,63.3986928104575163,97,178,54.4943820224719101,6552,6553,273,1,2/22/2017 11:44:04 PM,0.6339869281045751633,0.5449438202247191011,
1.69943389735972E+15,DM-KIDNEY,97,153,63.3986928104575163,97,178,54.4943820224719101,6552,6553,273,1,2/23/2017 11:39:11 PM,0.6339869281045751633,0.5449438202247191011,
1.69943389735972E+15,DM-KIDNEY,97,153,63.3986928104575163,97,178,54.4943820224719101,6552,6553,273,1,2/24/2017 11:40:30 PM,0.6339869281045751633,0.5449438202247191011,
1.69943389735972E+15,DM-KIDNEY,98,153,64.0522875816993464,98,178,55.0561797752808989,6552,6553,273,1,2/26/2017 11:42:37 PM,0.6405228758169934640,0.5505617977528089887,
1.69943389735972E+15,DM-KIDNEY,98,153,64.0522875816993464,98,178,55.0561797752808989,6552,6553,273,1,2/27/2017 11:38:02 PM,0.6405228758169934640,0.5505617977528089887,
1.69943389735972E+15,DM-KIDNEY,99,153,64.7058823529411765,99,178,55.6179775280898876,6552,6553,273,1,2/28/2017 11:43:12 PM,0.6470588235294117647,0.5561797752808988764,
1.69943389735972E+15,DM-KIDNEY,99,153,64.7058823529411765,99,178,55.6179775280898876,6552,6553,273,1,3/1/2017 11:35:03 PM,0.6470588235294117647,0.5561797752808988764,
1.69943389735972E+15,DM-KIDNEY,99,153,64.7058823529411765,99,178,55.6179775280898876,6552,6553,273,1,3/2/2017 11:45:35 PM,0.6470588235294117647,0.5561797752808988764,
1.69943389735972E+15,DM-KIDNEY,99,153,64.7058823529411765,99,178,55.6179775280898876,6552,6553,273,1,3/3/2017 11:37:13 PM,0.6470588235294117647,0.5561797752808988764,
1.69943389735972E+15,DM-KIDNEY,99,153,64.7058823529411765,99,178,55.6179775280898876,6552,6553,273,1,3/5/2017 11:41:24 PM,0.6470588235294117647,0.5561797752808988764,
1.69943389735972E+15,DM-KIDNEY,99,153,64.7058823529411765,99,178,55.6179775280898876,6552,6553,273,1,3/6/2017 11:38:16 PM,0.6470588235294117647,0.5561797752808988764,
1.69943389735972E+15,DM-KIDNEY,98,152,64.4736842105263158,98,177,55.3672316384180791,6552,6553,273,1,3/8/2017 4:24:46 AM,0.6447368421052631578,0.5536723163841807909,
1.69943389735972E+15,DM-KIDNEY,98,152,64.4736842105263158,98,177,55.3672316384180791,6552,6553,273,1,3/8/2017 11:38:43 PM,0.6447368421052631578,0.5536723163841807909,
1.69943389735972E+15,DM-KIDNEY,98,152,64.4736842105263158,98,177,55.3672316384180791,6552,6553,273,1,3/9/2017 11:42:11 PM,0.6447368421052631578,0.5536723163841807909,
1.69943389735972E+15,DM-KIDNEY,98,151,64.9006622516556291,98,176,55.6818181818181818,6552,6553,273,1,3/10/2017 11:37:45 PM,0.6490066225165562913,0.5568181818181818181,
1.69943389735972E+15,DM-KIDNEY,96,151,63.5761589403973510,96,176,54.5454545454545455,6552,6553,273,1,3/12/2017 11:36:41 PM,0.6357615894039735099,0.5454545454545454545,
1.69943389735972E+15,DM-KIDNEY,96,151,63.5761589403973510,96,176,54.5454545454545455,6552,6553,273,1,3/13/2017 11:33:58 PM,0.6357615894039735099,0.5454545454545454545,
1.69943389735972E+15,DM-KIDNEY,96,151,63.5761589403973510,96,176,54.5454545454545455,6552,6553,273,1,3/14/2017 11:41:38 PM,0.6357615894039735099,0.5454545454545454545,
1.69943389735972E+15,DM-KIDNEY,95,150,63.3333333333333333,95,176,53.9772727272727273,6552,6553,273,1,3/15/2017 11:41:06 PM,0.6333333333333333333,0.5397727272727272727,
1.69943389735972E+15,DM-KIDNEY,95,150,63.3333333333333333,95,176,53.9772727272727273,6552,6553,273,1,3/16/2017 11:41:03 PM,0.6333333333333333333,0.5397727272727272727,
1.69943389735972E+15,DM-KIDNEY,95,150,63.3333333333333333,95,176,53.9772727272727273,6552,6553,273,1,3/17/2017 11:39:04 PM,0.6333333333333333333,0.5397727272727272727,
1.69943389735972E+15,DM-KIDNEY,95,149,63.7583892617449664,95,176,53.9772727272727273,6552,6553,273,1,3/19/2017 11:43:55 PM,0.6375838926174496644,0.5397727272727272727,
1.69943389735972E+15,DM-KIDNEY,95,149,63.7583892617449664,95,176,53.9772727272727273,6552,6553,273,1,3/20/2017 11:42:42 PM,0.6375838926174496644,0.5397727272727272727,
1.69943389735972E+15,DM-KIDNEY,95,150,63.3333333333333333,95,177,53.6723163841807910,6552,6553,273,1,3/21/2017 11:38:07 PM,0.6333333333333333333,0.5367231638418079096,
1.69943389735972E+15,DM-KIDNEY,95,150,63.3333333333333333,95,177,53.6723163841807910,6552,6553,273,1,3/22/2017 11:43:16 PM,0.6333333333333333333,0.5367231638418079096,
1.69943389735972E+15,DM-KIDNEY,95,150,63.3333333333333333,95,177,53.6723163841807910,6552,6553,273,1,3/23/2017 11:40:56 PM,0.6333333333333333333,0.5367231638418079096,
1.69943389735972E+15,DM-KIDNEY,95,150,63.3333333333333333,95,177,53.6723163841807910,6552,6553,273,1,3/24/2017 11:41:20 PM,0.6333333333333333333,0.5367231638418079096,
1.69943389735972E+15,DM-KIDNEY,96,150,64.0000000000000000,96,177,54.2372881355932203,6552,6553,273,1,3/26/2017 11:40:28 PM,0.6400000000000000000,0.5423728813559322033,
1.69943389735972E+15,DM-KIDNEY,96,150,64.0000000000000000,96,177,54.2372881355932203,6552,6553,273,1,3/27/2017 11:38:01 PM,0.6400000000000000000,0.5423728813559322033,
1.69943389735972E+15,DM-KIDNEY,96,150,64.0000000000000000,96,177,54.2372881355932203,6552,6553,273,1,3/28/2017 11:36:35 PM,0.6400000000000000000,0.5423728813559322033,
1.69943389735972E+15,DM-KIDNEY,95,150,63.3333333333333333,95,177,53.6723163841807910,6552,6553,273,1,3/29/2017 11:35:20 PM,0.6333333333333333333,0.5367231638418079096,
1.69943389735972E+15,DM-KIDNEY,95,150,63.3333333333333333,95,177,53.6723163841807910,6552,6553,273,1,3/30/2017 11:43:03 PM,0.6333333333333333333,0.5367231638418079096,
1.69943389735972E+15,DM-KIDNEY,95,150,63.3333333333333333,95,177,53.6723163841807910,6552,6553,273,1,3/31/2017 11:45:04 PM,0.6333333333333333333,0.5367231638418079096,
1.69943389735972E+15,DM-KIDNEY,95,150,63.3333333333333333,95,177,53.6723163841807910,6552,6553,273,1,4/2/2017 11:37:38 PM,0.6333333333333333333,0.5367231638418079096,
1.69943389735972E+15,DM-KIDNEY,95,150,63.3333333333333333,95,177,53.6723163841807910,6552,6553,273,1,4/3/2017 11:40:38 PM,0.6333333333333333333,0.5367231638418079096,
1.69943389735972E+15,DM-KIDNEY,95,150,63.3333333333333333,95,177,53.6723163841807910,6552,6553,273,1,4/4/2017 11:35:21 PM,0.6333333333333333333,0.5367231638418079096,
1.69943389735972E+15,DM-KIDNEY,95,150,63.3333333333333333,95,177,53.6723163841807910,6552,6553,273,1,4/5/2017 11:35:40 PM,0.6333333333333333333,0.5367231638418079096,
1.69943389735972E+15,DM-KIDNEY,96,150,64.0000000000000000,96,177,54.2372881355932203,6552,6553,273,1,4/6/2017 11:36:20 PM,0.6400000000000000000,0.5423728813559322033,
1.69943389735972E+15,DM-KIDNEY,95,150,63.3333333333333333,95,177,53.6723163841807910,6552,6553,273,1,4/7/2017 11:41:47 PM,0.6333333333333333333,0.5367231638418079096,
1.69943389735972E+15,DM-KIDNEY,96,150,64.0000000000000000,96,177,54.2372881355932203,6552,6553,273,1,4/9/2017 11:43:53 PM,0.6400000000000000000,0.5423728813559322033,
1.69943389735972E+15,DM-KIDNEY,96,150,64.0000000000000000,96,177,54.2372881355932203,6552,6553,273,1,4/10/2017 11:35:22 PM,0.6400000000000000000,0.5423728813559322033,
1.69943389735972E+15,DM-KIDNEY,95,150,63.3333333333333333,95,177,53.6723163841807910,6552,6553,273,1,4/12/2017 11:34:12 PM,0.6333333333333333333,0.5367231638418079096,
1.69943389735972E+15,DM-KIDNEY,94,150,62.6666666666666667,94,177,53.1073446327683616,6552,6553,273,1,4/13/2017 11:41:05 PM,0.6266666666666666666,0.5310734463276836158,
1.69943389735972E+15,DM-KIDNEY,94,150,62.6666666666666667,94,173,54.3352601156069364,6552,6553,273,1,4/14/2017 11:43:43 PM,0.6266666666666666666,0.5433526011560693641,
1.69943389735972E+15,DM-KIDNEY,94,149,63.0872483221476510,94,173,54.3352601156069364,6552,6553,273,1,4/16/2017 11:38:07 PM,0.6308724832214765100,0.5433526011560693641,
1.69943389735972E+15,DM-KIDNEY,94,148,63.5135135135135135,94,172,54.6511627906976744,6552,6553,273,1,4/17/2017 11:40:03 PM,0.6351351351351351351,0.5465116279069767441,
1.69943389735972E+15,DM-KIDNEY,92,148,62.1621621621621622,92,171,53.8011695906432749,6552,6553,273,1,4/18/2017 11:40:05 PM,0.6216216216216216216,0.5380116959064327485,
1.69943389735972E+15,DM-KIDNEY,92,148,62.1621621621621622,92,171,53.8011695906432749,6552,6553,273,1,4/19/2017 11:40:02 PM,0.6216216216216216216,0.5380116959064327485,
1.69943389735972E+15,DM-KIDNEY,92,148,62.1621621621621622,92,171,53.8011695906432749,6552,6553,273,1,4/20/2017 11:41:18 PM,0.6216216216216216216,0.5380116959064327485,
1.69943389735972E+15,DM-KIDNEY,79,128,61.7187500000000000,79,141,56.0283687943262411,6552,6553,273,1,4/21/2017 11:40:05 PM,0.6171875000000000000,0.5602836879432624113,
1.69943389735972E+15,DM-KIDNEY,79,128,61.7187500000000000,79,141,56.0283687943262411,6552,6553,273,1,4/23/2017 11:39:01 PM,0.6171875000000000000,0.5602836879432624113,
1.69943389735972E+15,DM-KIDNEY,92,148,62.1621621621621622,92,162,56.7901234567901235,6552,6553,273,1,4/24/2017 10:42:01 AM,0.6216216216216216216,0.5679012345679012345,
1.69943389735972E+15,DM-KIDNEY,94,148,63.5135135135135135,94,162,58.0246913580246914,6552,6553,273,1,4/24/2017 11:40:19 PM,0.6351351351351351351,0.5802469135802469135,
1.69943389735972E+15,DM-KIDNEY,94,149,63.0872483221476510,94,162,58.0246913580246914,6552,6553,273,1,4/25/2017 11:38:54 PM,0.6308724832214765100,0.5802469135802469135,
1.69943389735972E+15,DM-KIDNEY,94,149,63.0872483221476510,94,162,58.0246913580246914,6552,6553,273,1,4/26/2017 11:36:51 PM,0.6308724832214765100,0.5802469135802469135,
1.69943389735972E+15,DM-KIDNEY,94,149,63.0872483221476510,94,162,58.0246913580246914,6552,6553,273,1,4/27/2017 11:37:56 PM,0.6308724832214765100,0.5802469135802469135,
1.69943389735972E+15,DM-KIDNEY,94,149,63.0872483221476510,94,160,58.7500000000000000,6552,6553,273,1,4/28/2017 11:40:26 PM,0.6308724832214765100,0.5875000000000000000,
1.69943389735972E+15,DM-KIDNEY,95,149,63.7583892617449664,95,160,59.3750000000000000,6552,6553,273,1,4/30/2017 11:39:14 PM,0.6375838926174496644,0.5937500000000000000,
1.69943389735972E+15,DM-KIDNEY,95,149,63.7583892617449664,95,160,59.3750000000000000,6552,6553,273,1,5/1/2017 11:39:33 PM,0.6375838926174496644,0.5937500000000000000,
1.69943389735972E+15,DM-KIDNEY,94,147,63.9455782312925170,94,159,59.1194968553459119,6552,6553,273,1,5/2/2017 11:39:11 PM,0.6394557823129251700,0.5911949685534591194,
1.69943389735972E+15,DM-KIDNEY,94,147,63.9455782312925170,94,159,59.1194968553459119,6552,6553,273,1,5/3/2017 11:38:43 PM,0.6394557823129251700,0.5911949685534591194,
1.69943389735972E+15,DM-KIDNEY,94,147,63.9455782312925170,94,159,59.1194968553459119,6552,6553,273,1,5/4/2017 11:42:14 PM,0.6394557823129251700,0.5911949685534591194,
1.69943389735972E+15,DM-KIDNEY,94,147,63.9455782312925170,94,159,59.1194968553459119,6552,6553,273,1,5/5/2017 11:44:23 PM,0.6394557823129251700,0.5911949685534591194,
1.69943389735972E+15,DM-KIDNEY,95,147,64.6258503401360544,95,159,59.7484276729559748,6552,6553,273,1,5/7/2017 11:42:06 PM,0.6462585034013605442,0.5974842767295597484,
1.69943389735972E+15,DM-KIDNEY,95,147,64.6258503401360544,95,159,59.7484276729559748,6552,6553,273,1,5/8/2017 11:38:12 PM,0.6462585034013605442,0.5974842767295597484,
1.69943389735972E+15,DM-KIDNEY,95,147,64.6258503401360544,95,159,59.7484276729559748,6552,6553,273,1,5/9/2017 11:45:26 PM,0.6462585034013605442,0.5974842767295597484,
1.69943389735972E+15,DM-KIDNEY,95,147,64.6258503401360544,95,159,59.7484276729559748,6552,6553,273,1,5/10/2017 11:44:47 PM,0.6462585034013605442,0.5974842767295597484,
1.69943389735972E+15,DM-KIDNEY,95,146,65.0684931506849315,95,158,60.1265822784810127,6552,6553,273,1,5/11/2017 11:43:01 PM,0.6506849315068493150,0.6012658227848101265,
1.69943389735972E+15,DM-KIDNEY,97,146,66.4383561643835616,97,156,62.1794871794871795,6552,6553,273,1,5/13/2017 12:00:56 AM,0.6643835616438356164,0.6217948717948717948,
1.69943389735972E+15,DM-KIDNEY,98,146,67.1232876712328767,98,156,62.8205128205128205,6552,6553,273,1,5/15/2017 12:03:47 AM,0.6712328767123287671,0.6282051282051282051,
1.69943389735972E+15,DM-KIDNEY,98,146,67.1232876712328767,98,154,63.6363636363636364,6552,6553,273,1,5/16/2017 12:06:34 AM,0.6712328767123287671,0.6363636363636363636,
1.69943389735972E+15,DM-KIDNEY,98,146,67.1232876712328767,98,154,63.6363636363636364,6552,6553,273,1,5/17/2017 12:05:21 AM,0.6712328767123287671,0.6363636363636363636,
1.69943389735972E+15,DM-KIDNEY,98,146,67.1232876712328767,98,154,63.6363636363636364,6552,6553,273,1,5/18/2017 12:06:06 AM,0.6712328767123287671,0.6363636363636363636,
1.69943389735972E+15,DM-KIDNEY,99,146,67.8082191780821918,99,154,64.2857142857142857,6552,6553,273,1,5/19/2017 12:01:24 AM,0.6780821917808219178,0.6428571428571428571,
1.69943389735972E+15,DM-KIDNEY,99,146,67.8082191780821918,99,154,64.2857142857142857,6552,6553,273,1,5/20/2017 12:05:25 AM,0.6780821917808219178,0.6428571428571428571,
1.69943389735972E+15,DM-KIDNEY,100,146,68.4931506849315068,100,154,64.9350649350649351,6552,6553,273,1,5/22/2017 12:02:30 AM,0.6849315068493150684,0.6493506493506493506,
1.69943389735972E+15,DM-KIDNEY,100,146,68.4931506849315068,100,154,64.9350649350649351,6552,6553,273,1,5/23/2017 12:04:34 AM,0.6849315068493150684,0.6493506493506493506,
1.69943389735972E+15,DM-KIDNEY,99,146,67.8082191780821918,99,154,64.2857142857142857,6552,6553,273,1,5/24/2017 12:08:24 AM,0.6780821917808219178,0.6428571428571428571,
1.69943389735972E+15,DM-KIDNEY,100,146,68.4931506849315068,100,154,64.9350649350649351,6552,6553,273,1,5/25/2017 12:05:59 AM,0.6849315068493150684,0.6493506493506493506,
1.69943389735972E+15,DM-KIDNEY,99,146,67.8082191780821918,99,154,64.2857142857142857,6552,6553,273,1,5/26/2017 12:10:38 AM,0.6780821917808219178,0.6428571428571428571,
1.69943389735972E+15,DM-KIDNEY,99,146,67.8082191780821918,99,154,64.2857142857142857,6552,6553,273,1,5/27/2017 12:05:29 AM,0.6780821917808219178,0.6428571428571428571,
1.69943389735972E+15,DM-KIDNEY,99,146,67.8082191780821918,99,154,64.2857142857142857,6552,6553,273,1,5/29/2017 12:08:31 AM,0.6780821917808219178,0.6428571428571428571,
1.69943389735972E+15,DM-KIDNEY,100,146,68.4931506849315068,100,154,64.9350649350649351,6552,6553,273,1,5/30/2017 12:05:51 AM,0.6849315068493150684,0.6493506493506493506,
1.69943389735972E+15,DM-KIDNEY,100,146,68.4931506849315068,100,154,64.9350649350649351,6552,6553,273,1,5/31/2017 12:02:20 AM,0.6849315068493150684,0.6493506493506493506,
1.69943389735972E+15,DM-KIDNEY,100,146,68.4931506849315068,100,154,64.9350649350649351,6552,6553,273,1,6/1/2017 12:09:26 AM,0.6849315068493150684,0.6493506493506493506,
1.69943389735972E+15,DM-KIDNEY,100,146,68.4931506849315068,100,154,64.9350649350649351,6552,6553,273,1,6/2/2017 12:01:17 AM,0.6849315068493150684,0.6493506493506493506,
1.69943389735972E+15,DM-KIDNEY,99,146,67.8082191780821918,99,154,64.2857142857142857,6552,6553,273,1,6/3/2017 12:07:01 AM,0.6780821917808219178,0.6428571428571428571,
1.69943389735972E+15,DM-KIDNEY,99,146,67.8082191780821918,99,154,64.2857142857142857,6552,6553,273,1,6/4/2017 11:59:42 PM,0.6780821917808219178,0.6428571428571428571,
1.69943389735972E+15,DM-KIDNEY,99,146,67.8082191780821918,99,154,64.2857142857142857,6552,6553,273,1,6/6/2017 12:08:16 AM,0.6780821917808219178,0.6428571428571428571,
1.69943389735972E+15,DM-KIDNEY,98,146,67.1232876712328767,98,154,63.6363636363636364,6552,6553,273,1,6/7/2017 12:04:02 AM,0.6712328767123287671,0.6363636363636363636,
1.69943389735972E+15,DM-KIDNEY,98,146,67.1232876712328767,98,154,63.6363636363636364,6552,6553,273,1,6/8/2017 12:09:03 AM,0.6712328767123287671,0.6363636363636363636,
1.69943389735972E+15,DM-KIDNEY,98,146,67.1232876712328767,98,154,63.6363636363636364,6552,6553,273,1,6/9/2017 12:03:38 AM,0.6712328767123287671,0.6363636363636363636,
1.69943389735972E+15,DM-KIDNEY,98,146,67.1232876712328767,98,154,63.6363636363636364,6552,6553,273,1,6/10/2017 12:05:08 AM,0.6712328767123287671,0.6363636363636363636,
1.69943389735972E+15,DM-KIDNEY,98,145,67.5862068965517241,98,153,64.0522875816993464,6552,6553,273,1,6/12/2017 12:10:15 AM,0.6758620689655172413,0.6405228758169934640,
1.69943389735972E+15,DM-KIDNEY,98,146,67.1232876712328767,98,153,64.0522875816993464,6552,6553,273,1,6/13/2017 12:06:49 AM,0.6712328767123287671,0.6405228758169934640,
1.69943389735972E+15,DM-KIDNEY,98,146,67.1232876712328767,98,153,64.0522875816993464,6552,6553,273,1,6/14/2017 12:09:07 AM,0.6712328767123287671,0.6405228758169934640,
1.69943389735972E+15,DM-KIDNEY,98,146,67.1232876712328767,98,153,64.0522875816993464,6552,6553,273,1,6/15/2017 12:15:06 AM,0.6712328767123287671,0.6405228758169934640,
1.69943389735972E+15,DM-KIDNEY,97,146,66.4383561643835616,97,153,63.3986928104575163,6552,6553,273,1,6/16/2017 12:12:40 AM,0.6643835616438356164,0.6339869281045751633,
1.69943389735972E+15,DM-KIDNEY,97,146,66.4383561643835616,97,153,63.3986928104575163,6552,6553,273,1,6/17/2017 12:13:29 AM,0.6643835616438356164,0.6339869281045751633,
1.69943389735972E+15,DM-KIDNEY,98,146,67.1232876712328767,98,153,64.0522875816993464,6552,6553,273,1,6/19/2017 12:11:07 AM,0.6712328767123287671,0.6405228758169934640,
1.69943389735972E+15,DM-KIDNEY,98,146,67.1232876712328767,98,153,64.0522875816993464,6552,6553,273,1,6/20/2017 12:11:21 AM,0.6712328767123287671,0.6405228758169934640,
1.69943389735972E+15,DM-KIDNEY,98,146,67.1232876712328767,98,153,64.0522875816993464,6552,6553,273,1,6/21/2017 12:10:16 AM,0.6712328767123287671,0.6405228758169934640,
1.69943389735972E+15,DM-KIDNEY,98,146,67.1232876712328767,98,153,64.0522875816993464,6552,6553,273,1,6/22/2017 12:11:00 AM,0.6712328767123287671,0.6405228758169934640,
1.69943389735972E+15,DM-KIDNEY,99,146,67.8082191780821918,99,153,64.7058823529411765,6552,6553,273,1,6/23/2017 12:11:53 AM,0.6780821917808219178,0.6470588235294117647,
1.69943389735972E+15,DM-KIDNEY,99,146,67.8082191780821918,99,153,64.7058823529411765,6552,6553,273,1,6/24/2017 12:09:15 AM,0.6780821917808219178,0.6470588235294117647,
1.69943389735972E+15,DM-KIDNEY,99,146,67.8082191780821918,99,153,64.7058823529411765,6552,6553,273,1,6/26/2017 12:11:10 AM,0.6780821917808219178,0.6470588235294117647,
1.69943389735972E+15,DM-KIDNEY,100,146,68.4931506849315068,100,153,65.3594771241830065,6552,6553,273,1,6/27/2017 12:06:25 AM,0.6849315068493150684,0.6535947712418300653,
1.69943389735972E+15,DM-KIDNEY,100,146,68.4931506849315068,100,153,65.3594771241830065,6552,6553,273,1,6/28/2017 12:06:56 AM,0.6849315068493150684,0.6535947712418300653,
1.69943389735972E+15,DM-KIDNEY,100,146,68.4931506849315068,100,153,65.3594771241830065,6552,6553,273,1,6/29/2017 12:05:39 AM,0.6849315068493150684,0.6535947712418300653,
1.69943389735972E+15,DM-KIDNEY,100,146,68.4931506849315068,100,153,65.3594771241830065,6552,6553,273,1,6/30/2017 12:10:08 AM,0.6849315068493150684,0.6535947712418300653,
1.69943389735972E+15,DM-KIDNEY,101,146,69.1780821917808219,101,153,66.0130718954248366,6552,6553,273,1,7/1/2017 12:11:38 AM,0.6917808219178082191,0.6601307189542483660,
1.69943389735972E+15,DM-KIDNEY,103,146,70.5479452054794521,103,153,67.3202614379084967,6552,6553,273,1,7/3/2017 12:04:50 AM,0.7054794520547945205,0.6732026143790849673,
1.69943389735972E+15,DM-KIDNEY,103,146,70.5479452054794521,103,153,67.3202614379084967,6552,6553,273,1,7/4/2017 12:11:14 AM,0.7054794520547945205,0.6732026143790849673,
1.69943389735972E+15,DM-KIDNEY,103,146,70.5479452054794521,103,153,67.3202614379084967,6552,6553,273,1,7/5/2017 12:07:46 AM,0.7054794520547945205,0.6732026143790849673,
1.69943389735972E+15,DM-KIDNEY,103,146,70.5479452054794521,103,153,67.3202614379084967,6552,6553,273,1,7/6/2017 12:11:07 AM,0.7054794520547945205,0.6732026143790849673,
1.69943389735972E+15,DM-KIDNEY,103,146,70.5479452054794521,103,153,67.3202614379084967,6552,6553,273,1,7/7/2017 12:09:07 AM,0.7054794520547945205,0.6732026143790849673,
1.69943389735972E+15,DM-KIDNEY,103,146,70.5479452054794521,103,153,67.3202614379084967,6552,6553,273,1,7/8/2017 12:03:20 AM,0.7054794520547945205,0.6732026143790849673,
1.69943389735972E+15,DM-KIDNEY,106,146,72.6027397260273973,106,153,69.2810457516339869,6552,6553,273,1,7/10/2017 12:01:22 AM,0.7260273972602739726,0.6928104575163398692,
1.69943389735972E+15,DM-KIDNEY,106,147,72.1088435374149660,106,154,68.8311688311688312,6552,6553,273,1,7/11/2017 12:08:46 AM,0.7210884353741496598,0.6883116883116883116,
1.69943389735972E+15,DM-KIDNEY,107,147,72.7891156462585034,107,154,69.4805194805194805,6552,6553,273,1,7/12/2017 12:11:56 AM,0.7278911564625850340,0.6948051948051948051,
1.69943389735972E+15,DM-KIDNEY,107,147,72.7891156462585034,107,154,69.4805194805194805,6552,6553,273,1,7/13/2017 12:05:42 AM,0.7278911564625850340,0.6948051948051948051,
1.69943389735972E+15,DM-KIDNEY,108,147,73.4693877551020408,108,154,70.1298701298701299,6552,6553,273,1,7/14/2017 12:07:29 AM,0.7346938775510204081,0.7012987012987012987,
1.69943389735972E+15,DM-KIDNEY,106,146,72.6027397260273973,106,153,69.2810457516339869,6552,6553,273,1,7/15/2017 12:08:46 AM,0.7260273972602739726,0.6928104575163398692,
1.69943389735972E+15,DM-KIDNEY,106,146,72.6027397260273973,106,153,69.2810457516339869,6552,6553,273,1,7/17/2017 12:07:41 AM,0.7260273972602739726,0.6928104575163398692,
1.69943389735972E+15,DM-KIDNEY,106,146,72.6027397260273973,106,153,69.2810457516339869,6552,6553,273,1,7/18/2017 12:06:30 AM,0.7260273972602739726,0.6928104575163398692,
1.69943389735972E+15,DM-KIDNEY,105,146,71.9178082191780822,105,153,68.6274509803921569,6552,6553,273,1,7/19/2017 12:12:03 AM,0.7191780821917808219,0.6862745098039215686,
1.69943389735972E+15,DM-KIDNEY,105,146,71.9178082191780822,105,153,68.6274509803921569,6552,6553,273,1,7/20/2017 12:08:49 AM,0.7191780821917808219,0.6862745098039215686,
1.69943389735972E+15,DM-KIDNEY,105,146,71.9178082191780822,105,153,68.6274509803921569,6552,6553,273,1,7/21/2017 12:10:39 AM,0.7191780821917808219,0.6862745098039215686,
1.69943389735972E+15,DM-KIDNEY,105,146,71.9178082191780822,105,153,68.6274509803921569,6552,6553,273,1,7/22/2017 12:09:12 AM,0.7191780821917808219,0.6862745098039215686,
1.69943389735972E+15,DM-KIDNEY,105,146,71.9178082191780822,105,153,68.6274509803921569,6552,6553,273,1,7/24/2017 12:04:23 AM,0.7191780821917808219,0.6862745098039215686,
1.69943389735972E+15,DM-KIDNEY,105,146,71.9178082191780822,106,153,69.2810457516339869,6552,6553,273,1,7/25/2017 12:04:26 AM,0.7191780821917808219,0.6928104575163398692,
1.69943389735972E+15,DM-KIDNEY,106,146,72.6027397260273973,107,153,69.9346405228758170,6552,6553,273,1,7/26/2017 12:10:25 AM,0.7260273972602739726,0.6993464052287581699,
1.69943389735972E+15,DM-KIDNEY,105,146,71.9178082191780822,106,153,69.2810457516339869,6552,6553,273,1,7/27/2017 12:06:01 AM,0.7191780821917808219,0.6928104575163398692,
1.69943389735972E+15,DM-KIDNEY,105,146,71.9178082191780822,106,153,69.2810457516339869,6552,6553,273,1,7/28/2017 12:05:27 AM,0.7191780821917808219,0.6928104575163398692,
1.69943389735972E+15,DM-KIDNEY,105,146,71.9178082191780822,106,153,69.2810457516339869,6552,6553,273,1,7/29/2017 12:08:07 AM,0.7191780821917808219,0.6928104575163398692,
1.69943389735972E+15,DM-KIDNEY,105,146,71.9178082191780822,106,153,69.2810457516339869,6552,6553,273,1,7/31/2017 12:06:16 AM,0.7191780821917808219,0.6928104575163398692,
1.69943389735972E+15,DM-KIDNEY,106,146,72.6027397260273973,107,153,69.9346405228758170,6552,6553,273,1,8/1/2017 12:06:42 AM,0.7260273972602739726,0.6993464052287581699,
1.69943389735972E+15,DM-KIDNEY,107,152,70.3947368421052632,107,153,69.9346405228758170,6552,6553,273,1,8/2/2017 12:10:04 AM,0.7039473684210526315,0.6993464052287581699,
1.69943389735972E+15,DM-KIDNEY,107,152,70.3947368421052632,107,153,69.9346405228758170,6552,6553,273,1,8/3/2017 12:09:01 AM,0.7039473684210526315,0.6993464052287581699,
1.69943389735972E+15,DM-KIDNEY,107,152,70.3947368421052632,107,153,69.9346405228758170,6552,6553,273,1,8/4/2017 12:09:26 AM,0.7039473684210526315,0.6993464052287581699,
1.69943389735972E+15,DM-KIDNEY,107,152,70.3947368421052632,107,153,69.9346405228758170,6552,6553,273,1,8/5/2017 12:10:46 AM,0.7039473684210526315,0.6993464052287581699,
1.69943389735972E+15,DM-KIDNEY,107,152,70.3947368421052632,107,153,69.9346405228758170,6552,6553,273,1,8/7/2017 12:06:56 AM,0.7039473684210526315,0.6993464052287581699,
1.69943389735972E+15,DM-KIDNEY,108,152,71.0526315789473684,108,153,70.5882352941176471,6552,6553,273,1,8/8/2017 12:09:41 AM,0.7105263157894736842,0.7058823529411764705,
1.69943389735972E+15,DM-KIDNEY,109,152,71.7105263157894737,109,153,71.2418300653594771,6552,6553,273,1,8/9/2017 12:14:45 AM,0.7171052631578947368,0.7124183006535947712,
1.69943389735972E+15,DM-KIDNEY,109,152,71.7105263157894737,109,153,71.2418300653594771,6552,6553,273,1,8/10/2017 12:10:04 AM,0.7171052631578947368,0.7124183006535947712,
1.69943389735972E+15,DM-KIDNEY,109,152,71.7105263157894737,109,153,71.2418300653594771,6552,6553,273,1,8/11/2017 12:05:35 AM,0.7171052631578947368,0.7124183006535947712,
1.69943389735972E+15,DM-KIDNEY,109,152,71.7105263157894737,109,153,71.2418300653594771,6552,6553,273,1,8/12/2017 12:10:10 AM,0.7171052631578947368,0.7124183006535947712,
1.69943389735972E+15,DM-KIDNEY,108,152,71.0526315789473684,108,153,70.5882352941176471,6552,6553,273,1,8/14/2017 12:08:19 AM,0.7105263157894736842,0.7058823529411764705,
1.69943389735972E+15,DM-KIDNEY,107,151,70.8609271523178808,107,152,70.3947368421052632,6552,6553,273,1,8/15/2017 12:09:20 AM,0.7086092715231788079,0.7039473684210526315,
1.69943389735972E+15,DM-KIDNEY,107,151,70.8609271523178808,107,152,70.3947368421052632,6552,6553,273,1,8/16/2017 12:11:31 AM,0.7086092715231788079,0.7039473684210526315,
1.69943389735972E+15,DM-KIDNEY,107,151,70.8609271523178808,107,152,70.3947368421052632,6552,6553,273,1,8/17/2017 12:11:04 AM,0.7086092715231788079,0.7039473684210526315,
1.69943389735972E+15,DM-KIDNEY,107,151,70.8609271523178808,107,152,70.3947368421052632,6552,6553,273,1,8/18/2017 12:09:25 AM,0.7086092715231788079,0.7039473684210526315,
1.69943389735972E+15,DM-KIDNEY,107,151,70.8609271523178808,107,152,70.3947368421052632,6552,6553,273,1,8/19/2017 12:09:07 AM,0.7086092715231788079,0.7039473684210526315,
1.69943389735972E+15,DM-KIDNEY,107,151,70.8609271523178808,107,152,70.3947368421052632,6552,6553,273,1,8/21/2017 12:07:11 AM,0.7086092715231788079,0.7039473684210526315,
1.69943389735972E+15,DM-KIDNEY,107,151,70.8609271523178808,107,152,70.3947368421052632,6552,6553,273,1,8/22/2017 12:07:25 AM,0.7086092715231788079,0.7039473684210526315,
1.69943389735972E+15,DM-KIDNEY,106,151,70.1986754966887417,106,152,69.7368421052631579,6552,6553,273,1,8/23/2017 12:11:41 AM,0.7019867549668874172,0.6973684210526315789,
1.69943389735972E+15,DM-KIDNEY,106,151,70.1986754966887417,106,152,69.7368421052631579,6552,6553,273,1,8/24/2017 12:07:19 AM,0.7019867549668874172,0.6973684210526315789,
1.69943389735972E+15,DM-KIDNEY,106,151,70.1986754966887417,106,152,69.7368421052631579,6552,6553,273,1,8/25/2017 12:11:41 AM,0.7019867549668874172,0.6973684210526315789,
1.69943389735972E+15,DM-KIDNEY,106,151,70.1986754966887417,106,152,69.7368421052631579,6552,6553,273,1,8/26/2017 12:12:33 AM,0.7019867549668874172,0.6973684210526315789,
1.69943389735972E+15,DM-KIDNEY,107,151,70.8609271523178808,107,152,70.3947368421052632,6552,6553,273,1,8/28/2017 12:08:15 AM,0.7086092715231788079,0.7039473684210526315,
1.69943389735972E+15,DM-KIDNEY,108,151,71.5231788079470199,108,152,71.0526315789473684,6552,6553,273,1,8/29/2017 12:08:30 AM,0.7152317880794701986,0.7105263157894736842,
1.69943389735972E+15,DM-KIDNEY,107,151,70.8609271523178808,107,152,70.3947368421052632,6552,6553,273,1,8/30/2017 12:08:28 AM,0.7086092715231788079,0.7039473684210526315,
1.69943389735972E+15,DM-KIDNEY,106,151,70.1986754966887417,106,152,69.7368421052631579,6552,6553,273,1,8/31/2017 12:11:19 AM,0.7019867549668874172,0.6973684210526315789,
1.69943389735972E+15,DM-KIDNEY,107,151,70.8609271523178808,107,152,70.3947368421052632,6552,6553,273,1,9/1/2017 12:09:26 AM,0.7086092715231788079,0.7039473684210526315,
1.69943389735972E+15,DM-KIDNEY,107,152,70.3947368421052632,107,153,69.9346405228758170,6552,6553,273,1,9/2/2017 12:09:51 AM,0.7039473684210526315,0.6993464052287581699,
1.69943389735972E+15,DM-KIDNEY,107,152,70.3947368421052632,107,153,69.9346405228758170,6552,6553,273,1,9/4/2017 12:11:18 AM,0.7039473684210526315,0.6993464052287581699,
1.69943389735972E+15,DM-KIDNEY,108,152,71.0526315789473684,108,153,70.5882352941176471,6552,6553,273,1,9/5/2017 12:07:53 AM,0.7105263157894736842,0.7058823529411764705,
1.69943389735972E+15,DM-KIDNEY,108,152,71.0526315789473684,108,153,70.5882352941176471,6552,6553,273,1,9/6/2017 12:10:41 AM,0.7105263157894736842,0.7058823529411764705,
1.69943389735972E+15,DM-KIDNEY,106,152,69.7368421052631579,106,153,69.2810457516339869,6552,6553,273,1,9/7/2017 12:08:28 AM,0.6973684210526315789,0.6928104575163398692,
1.69943389735972E+15,DM-KIDNEY,106,152,69.7368421052631579,106,153,69.2810457516339869,6552,6553,273,1,9/8/2017 12:11:51 AM,0.6973684210526315789,0.6928104575163398692,
1.69943389735972E+15,DM-KIDNEY,106,152,69.7368421052631579,106,153,69.2810457516339869,6552,6553,273,1,9/9/2017 12:09:47 AM,0.6973684210526315789,0.6928104575163398692,
1.69943389735972E+15,DM-KIDNEY,106,151,70.1986754966887417,106,153,69.2810457516339869,6552,6553,273,1,9/11/2017 12:10:27 AM,0.7019867549668874172,0.6928104575163398692,
1.69943389735972E+15,DM-KIDNEY,106,151,70.1986754966887417,106,153,69.2810457516339869,6552,6553,273,1,9/12/2017 12:11:39 AM,0.7019867549668874172,0.6928104575163398692,
1.69943389735972E+15,DM-KIDNEY,104,151,68.8741721854304636,104,153,67.9738562091503268,6552,6553,273,1,9/13/2017 12:11:06 AM,0.6887417218543046357,0.6797385620915032679,
1.69943389735972E+15,DM-KIDNEY,104,151,68.8741721854304636,104,153,67.9738562091503268,6552,6553,273,1,9/14/2017 12:11:51 AM,0.6887417218543046357,0.6797385620915032679,
1.69943389735972E+15,DM-KIDNEY,104,151,68.8741721854304636,104,153,67.9738562091503268,6552,6553,273,1,9/15/2017 12:13:11 AM,0.6887417218543046357,0.6797385620915032679,
1.69943389735972E+15,DM-KIDNEY,102,151,67.5496688741721854,102,153,66.6666666666666667,6552,6553,273,1,9/16/2017 12:14:43 AM,0.6754966887417218543,0.6666666666666666666,
1.69943389735972E+15,DM-KIDNEY,103,152,67.7631578947368421,103,154,66.8831168831168831,6552,6553,273,1,9/20/2017 12:04:21 AM,0.6776315789473684210,0.6688311688311688311,
1.69943389735972E+15,DM-KIDNEY,103,152,67.7631578947368421,103,154,66.8831168831168831,6552,6553,273,1,9/21/2017 12:06:03 AM,0.6776315789473684210,0.6688311688311688311,
1.69943389735972E+15,DM-KIDNEY,103,152,67.7631578947368421,103,154,66.8831168831168831,6552,6553,273,1,9/22/2017 12:13:00 AM,0.6776315789473684210,0.6688311688311688311,
1.69943389735972E+15,DM-KIDNEY,103,152,67.7631578947368421,103,154,66.8831168831168831,6552,6553,273,1,9/23/2017 12:14:55 AM,0.6776315789473684210,0.6688311688311688311,
1.69943389735972E+15,DM-KIDNEY,104,152,68.4210526315789474,104,154,67.5324675324675325,6552,6553,273,1,9/25/2017 12:15:15 AM,0.6842105263157894736,0.6753246753246753246,
1.69943389735972E+15,DM-KIDNEY,104,151,68.8741721854304636,104,153,67.9738562091503268,6552,6553,273,1,9/26/2017 12:15:41 AM,0.6887417218543046357,0.6797385620915032679,
1.69943389735972E+15,DM-KIDNEY,105,151,69.5364238410596026,105,153,68.6274509803921569,6552,6553,273,1,9/27/2017 12:15:07 AM,0.6953642384105960264,0.6862745098039215686,
1.69943389735972E+15,DM-KIDNEY,104,151,68.8741721854304636,104,153,67.9738562091503268,6552,6553,273,1,9/28/2017 12:06:36 AM,0.6887417218543046357,0.6797385620915032679,
1.69943389735972E+15,DM-KIDNEY,103,151,68.2119205298013245,103,153,67.3202614379084967,6552,6553,273,1,9/29/2017 12:11:26 AM,0.6821192052980132450,0.6732026143790849673,
1.69943389735972E+15,DM-KIDNEY,103,150,68.6666666666666667,103,152,67.7631578947368421,6552,6553,273,1,9/30/2017 12:11:22 AM,0.6866666666666666666,0.6776315789473684210,
1.69943389735972E+15,DM-KIDNEY,103,150,68.6666666666666667,103,152,67.7631578947368421,6552,6553,273,1,10/2/2017 12:14:47 AM,0.6866666666666666666,0.6776315789473684210,
1.69943389735972E+15,DM-KIDNEY,103,146,70.5479452054794521,103,148,69.5945945945945946,6552,6553,273,1,10/3/2017 12:10:44 AM,0.7054794520547945205,0.6959459459459459459,
1.69943389735972E+15,DM-KIDNEY,103,146,70.5479452054794521,103,148,69.5945945945945946,6552,6553,273,1,10/4/2017 12:09:56 AM,0.7054794520547945205,0.6959459459459459459,
1.69943389735972E+15,DM-KIDNEY,103,146,70.5479452054794521,103,148,69.5945945945945946,6552,6553,273,1,10/5/2017 12:12:29 AM,0.7054794520547945205,0.6959459459459459459,
1.69943389735972E+15,DM-KIDNEY,105,146,71.9178082191780822,105,148,70.9459459459459459,6552,6553,273,1,10/6/2017 12:16:02 AM,0.7191780821917808219,0.7094594594594594594,
1.69943389735972E+15,DM-KIDNEY,103,146,70.5479452054794521,103,148,69.5945945945945946,6552,6553,273,1,10/7/2017 12:15:15 AM,0.7054794520547945205,0.6959459459459459459,
1.69943389735972E+15,DM-KIDNEY,103,146,70.5479452054794521,103,148,69.5945945945945946,6552,6553,273,1,10/9/2017 12:13:43 AM,0.7054794520547945205,0.6959459459459459459,
1.69943389735972E+15,DM-KIDNEY,104,146,71.2328767123287671,104,148,70.2702702702702703,6552,6553,273,1,10/10/2017 12:12:41 AM,0.7123287671232876712,0.7027027027027027027,
1.69943389735972E+15,DM-KIDNEY,104,146,71.2328767123287671,104,148,70.2702702702702703,6552,6553,273,1,10/11/2017 12:14:40 AM,0.7123287671232876712,0.7027027027027027027,
1.69943389735972E+15,DM-KIDNEY,104,146,71.2328767123287671,104,148,70.2702702702702703,6552,6553,273,1,10/12/2017 12:17:27 AM,0.7123287671232876712,0.7027027027027027027,
1.69943389735972E+15,DM-KIDNEY,104,146,71.2328767123287671,104,148,70.2702702702702703,6552,6553,273,1,10/13/2017 12:22:38 AM,0.7123287671232876712,0.7027027027027027027,
1.69943389735972E+15,DM-KIDNEY,104,146,71.2328767123287671,104,148,70.2702702702702703,6552,6553,273,1,10/14/2017 12:17:33 AM,0.7123287671232876712,0.7027027027027027027,
1.69943389735972E+15,DM-KIDNEY,103,145,71.0344827586206897,103,147,70.0680272108843537,6552,6553,273,1,10/18/2017 1:25:18 PM,0.7103448275862068965,0.7006802721088435374,
1.69943389735972E+15,DM-KIDNEY,103,145,71.0344827586206897,103,147,70.0680272108843537,6552,6553,273,1,10/20/2017 12:09:19 AM,0.7103448275862068965,0.7006802721088435374,
1.69943389735972E+15,DM-KIDNEY,102,145,70.3448275862068966,102,147,69.3877551020408163,6552,6553,273,1,10/21/2017 12:09:16 AM,0.7034482758620689655,0.6938775510204081632,
1.69943389735972E+15,DM-KIDNEY,106,145,73.1034482758620690,106,147,72.1088435374149660,6552,6553,273,1,10/23/2017 12:09:24 AM,0.7310344827586206896,0.7210884353741496598,
1.69943389735972E+15,DM-KIDNEY,106,145,73.1034482758620690,106,147,72.1088435374149660,6552,6553,273,1,10/24/2017 12:10:53 AM,0.7310344827586206896,0.7210884353741496598,
1.69943389735972E+15,DM-KIDNEY,106,145,73.1034482758620690,106,145,73.1034482758620690,6552,6553,273,1,10/25/2017 12:09:45 AM,0.7310344827586206896,0.7310344827586206896,
1.69943389735972E+15,DM-KIDNEY,107,145,73.7931034482758621,107,145,73.7931034482758621,6552,6553,273,1,10/26/2017 12:07:29 AM,0.7379310344827586206,0.7379310344827586206,
1.69943389735972E+15,DM-KIDNEY,107,145,73.7931034482758621,107,145,73.7931034482758621,6552,6553,273,1,10/27/2017 12:10:42 AM,0.7379310344827586206,0.7379310344827586206,
1.69943389735972E+15,DM-KIDNEY,108,145,74.4827586206896552,108,145,74.4827586206896552,6552,6553,273,1,10/28/2017 12:10:48 AM,0.7448275862068965517,0.7448275862068965517,
1.69943389735972E+15,DM-KIDNEY,108,145,74.4827586206896552,108,145,74.4827586206896552,6552,6553,273,1,10/30/2017 12:09:43 AM,0.7448275862068965517,0.7448275862068965517,
1.69943389735972E+15,DM-KIDNEY,108,145,74.4827586206896552,108,145,74.4827586206896552,6552,6553,273,1,10/31/2017 12:10:30 AM,0.7448275862068965517,0.7448275862068965517,
1.69943389735972E+15,DM-PPSV,42,151,27.8145695364238411,42,178,23.5955056179775281,6578,6579,273,1,1/1/2017 11:42:58 PM,0.2781456953642384105,0.2359550561797752808,
1.69943389735972E+15,DM-PPSV,42,151,27.8145695364238411,42,178,23.5955056179775281,6578,6579,273,1,1/2/2017 11:44:36 PM,0.2781456953642384105,0.2359550561797752808,
1.69943389735972E+15,DM-PPSV,42,151,27.8145695364238411,42,178,23.5955056179775281,6578,6579,273,1,1/3/2017 11:39:18 PM,0.2781456953642384105,0.2359550561797752808,
1.69943389735972E+15,DM-PPSV,42,151,27.8145695364238411,42,178,23.5955056179775281,6578,6579,273,1,1/4/2017 11:37:28 PM,0.2781456953642384105,0.2359550561797752808,
1.69943389735972E+15,DM-PPSV,42,151,27.8145695364238411,42,178,23.5955056179775281,6578,6579,273,1,1/5/2017 11:43:13 PM,0.2781456953642384105,0.2359550561797752808,
1.69943389735972E+15,DM-PPSV,42,151,27.8145695364238411,42,178,23.5955056179775281,6578,6579,273,1,1/6/2017 11:43:05 PM,0.2781456953642384105,0.2359550561797752808,
1.69943389735972E+15,DM-PPSV,42,151,27.8145695364238411,42,178,23.5955056179775281,6578,6579,273,1,1/8/2017 11:43:01 PM,0.2781456953642384105,0.2359550561797752808,
1.69943389735972E+15,DM-PPSV,91,151,60.2649006622516556,96,178,53.9325842696629213,6578,6579,273,1,1/9/2017 11:42:26 PM,0.6026490066225165562,0.5393258426966292134,
1.69943389735972E+15,DM-PPSV,92,151,60.9271523178807947,97,178,54.4943820224719101,6578,6579,273,1,1/10/2017 11:46:31 PM,0.6092715231788079470,0.5449438202247191011,
1.69943389735972E+15,DM-PPSV,91,150,60.6666666666666667,97,178,54.4943820224719101,6578,6579,273,1,1/11/2017 11:41:42 PM,0.6066666666666666666,0.5449438202247191011,
1.69943389735972E+15,DM-PPSV,91,150,60.6666666666666667,97,178,54.4943820224719101,6578,6579,273,1,1/12/2017 11:42:20 PM,0.6066666666666666666,0.5449438202247191011,
1.69943389735972E+15,DM-PPSV,91,150,60.6666666666666667,97,178,54.4943820224719101,6578,6579,273,1,1/13/2017 11:45:16 PM,0.6066666666666666666,0.5449438202247191011,
1.69943389735972E+15,DM-PPSV,91,150,60.6666666666666667,97,178,54.4943820224719101,6578,6579,273,1,1/15/2017 11:47:30 PM,0.6066666666666666666,0.5449438202247191011,
1.69943389735972E+15,DM-PPSV,92,150,61.3333333333333333,98,178,55.0561797752808989,6578,6579,273,1,1/16/2017 11:39:55 PM,0.6133333333333333333,0.5505617977528089887,
1.69943389735972E+15,DM-PPSV,92,150,61.3333333333333333,98,178,55.0561797752808989,6578,6579,273,1,1/17/2017 11:44:39 PM,0.6133333333333333333,0.5505617977528089887,
1.69943389735972E+15,DM-PPSV,92,150,61.3333333333333333,98,178,55.0561797752808989,6578,6579,273,1,1/18/2017 11:44:19 PM,0.6133333333333333333,0.5505617977528089887,
1.69943389735972E+15,DM-PPSV,92,151,60.9271523178807947,98,178,55.0561797752808989,6578,6579,273,1,1/19/2017 11:41:08 PM,0.6092715231788079470,0.5505617977528089887,
1.69943389735972E+15,DM-PPSV,93,151,61.5894039735099338,99,178,55.6179775280898876,6578,6579,273,1,1/20/2017 11:45:13 PM,0.6158940397350993377,0.5561797752808988764,
1.69943389735972E+15,DM-PPSV,93,151,61.5894039735099338,99,178,55.6179775280898876,6578,6579,273,1,1/22/2017 11:36:20 PM,0.6158940397350993377,0.5561797752808988764,
1.69943389735972E+15,DM-PPSV,93,151,61.5894039735099338,99,178,55.6179775280898876,6578,6579,273,1,1/23/2017 11:38:24 PM,0.6158940397350993377,0.5561797752808988764,
1.69943389735972E+15,DM-PPSV,93,151,61.5894039735099338,99,178,55.6179775280898876,6578,6579,273,1,1/24/2017 11:36:01 PM,0.6158940397350993377,0.5561797752808988764,
1.69943389735972E+15,DM-PPSV,93,151,61.5894039735099338,99,178,55.6179775280898876,6578,6579,273,1,1/25/2017 11:44:17 PM,0.6158940397350993377,0.5561797752808988764,
1.69943389735972E+15,DM-PPSV,93,151,61.5894039735099338,99,178,55.6179775280898876,6578,6579,273,1,1/26/2017 11:43:45 PM,0.6158940397350993377,0.5561797752808988764,
1.69943389735972E+15,DM-PPSV,93,151,61.5894039735099338,99,178,55.6179775280898876,6578,6579,273,1,1/27/2017 11:40:39 PM,0.6158940397350993377,0.5561797752808988764,
1.69943389735972E+15,DM-PPSV,93,151,61.5894039735099338,99,178,55.6179775280898876,6578,6579,273,1,1/29/2017 11:42:30 PM,0.6158940397350993377,0.5561797752808988764,
1.69943389735972E+15,DM-PPSV,93,151,61.5894039735099338,99,178,55.6179775280898876,6578,6579,273,1,1/30/2017 11:45:14 PM,0.6158940397350993377,0.5561797752808988764,
1.69943389735972E+15,DM-PPSV,93,152,61.1842105263157895,98,178,55.0561797752808989,6578,6579,273,1,1/31/2017 11:48:00 PM,0.6118421052631578947,0.5505617977528089887,
1.69943389735972E+15,DM-PPSV,93,152,61.1842105263157895,98,178,55.0561797752808989,6578,6579,273,1,2/1/2017 11:47:59 PM,0.6118421052631578947,0.5505617977528089887,
1.69943389735972E+15,DM-PPSV,93,152,61.1842105263157895,98,178,55.0561797752808989,6578,6579,273,1,2/2/2017 11:45:23 PM,0.6118421052631578947,0.5505617977528089887,
1.69943389735972E+15,DM-PPSV,93,152,61.1842105263157895,98,178,55.0561797752808989,6578,6579,273,1,2/3/2017 11:40:44 PM,0.6118421052631578947,0.5505617977528089887,
1.69943389735972E+15,DM-PPSV,93,152,61.1842105263157895,98,178,55.0561797752808989,6578,6579,273,1,2/5/2017 11:40:12 PM,0.6118421052631578947,0.5505617977528089887,
1.69943389735972E+15,DM-PPSV,93,152,61.1842105263157895,98,178,55.0561797752808989,6578,6579,273,1,2/6/2017 11:37:50 PM,0.6118421052631578947,0.5505617977528089887,
1.69943389735972E+15,DM-PPSV,94,152,61.8421052631578947,99,178,55.6179775280898876,6578,6579,273,1,2/7/2017 11:37:23 PM,0.6184210526315789473,0.5561797752808988764,
1.69943389735972E+15,DM-PPSV,94,152,61.8421052631578947,99,178,55.6179775280898876,6578,6579,273,1,2/8/2017 11:42:43 PM,0.6184210526315789473,0.5561797752808988764,
1.69943389735972E+15,DM-PPSV,95,152,62.5000000000000000,100,178,56.1797752808988764,6578,6579,273,1,2/9/2017 11:45:43 PM,0.6250000000000000000,0.5617977528089887640,
1.69943389735972E+15,DM-PPSV,96,153,62.7450980392156863,101,178,56.7415730337078652,6578,6579,273,1,2/10/2017 11:39:56 PM,0.6274509803921568627,0.5674157303370786516,
1.69943389735972E+15,DM-PPSV,96,153,62.7450980392156863,101,178,56.7415730337078652,6578,6579,273,1,2/12/2017 11:45:53 PM,0.6274509803921568627,0.5674157303370786516,
1.69943389735972E+15,DM-PPSV,96,153,62.7450980392156863,101,178,56.7415730337078652,6578,6579,273,1,2/13/2017 11:40:17 PM,0.6274509803921568627,0.5674157303370786516,
1.69943389735972E+15,DM-PPSV,97,153,63.3986928104575163,102,178,57.3033707865168539,6578,6579,273,1,2/14/2017 11:41:55 PM,0.6339869281045751633,0.5730337078651685393,
1.69943389735972E+15,DM-PPSV,97,153,63.3986928104575163,102,178,57.3033707865168539,6578,6579,273,1,2/15/2017 11:37:49 PM,0.6339869281045751633,0.5730337078651685393,
1.69943389735972E+15,DM-PPSV,98,153,64.0522875816993464,103,178,57.8651685393258427,6578,6579,273,1,2/16/2017 11:40:38 PM,0.6405228758169934640,0.5786516853932584269,
1.69943389735972E+15,DM-PPSV,98,153,64.0522875816993464,103,178,57.8651685393258427,6578,6579,273,1,2/17/2017 11:38:16 PM,0.6405228758169934640,0.5786516853932584269,
1.69943389735972E+15,DM-PPSV,98,153,64.0522875816993464,103,178,57.8651685393258427,6578,6579,273,1,2/19/2017 11:40:21 PM,0.6405228758169934640,0.5786516853932584269,
1.69943389735972E+15,DM-PPSV,98,153,64.0522875816993464,103,178,57.8651685393258427,6578,6579,273,1,2/20/2017 11:43:31 PM,0.6405228758169934640,0.5786516853932584269,
1.69943389735972E+15,DM-PPSV,98,153,64.0522875816993464,103,178,57.8651685393258427,6578,6579,273,1,2/21/2017 11:42:24 PM,0.6405228758169934640,0.5786516853932584269,
1.69943389735972E+15,DM-PPSV,98,153,64.0522875816993464,103,178,57.8651685393258427,6578,6579,273,1,2/22/2017 11:44:26 PM,0.6405228758169934640,0.5786516853932584269,
1.69943389735972E+15,DM-PPSV,98,153,64.0522875816993464,103,178,57.8651685393258427,6578,6579,273,1,2/23/2017 11:39:32 PM,0.6405228758169934640,0.5786516853932584269,
1.69943389735972E+15,DM-PPSV,98,153,64.0522875816993464,103,178,57.8651685393258427,6578,6579,273,1,2/24/2017 11:40:51 PM,0.6405228758169934640,0.5786516853932584269,
1.69943389735972E+15,DM-PPSV,99,153,64.7058823529411765,104,178,58.4269662921348315,6578,6579,273,1,2/26/2017 11:42:59 PM,0.6470588235294117647,0.5842696629213483146,
1.69943389735972E+15,DM-PPSV,99,153,64.7058823529411765,104,178,58.4269662921348315,6578,6579,273,1,2/27/2017 11:38:23 PM,0.6470588235294117647,0.5842696629213483146,
1.69943389735972E+15,DM-PPSV,99,153,64.7058823529411765,104,178,58.4269662921348315,6578,6579,273,1,2/28/2017 11:43:33 PM,0.6470588235294117647,0.5842696629213483146,
1.69943389735972E+15,DM-PPSV,99,153,64.7058823529411765,104,178,58.4269662921348315,6578,6579,273,1,3/1/2017 11:35:21 PM,0.6470588235294117647,0.5842696629213483146,
1.69943389735972E+15,DM-PPSV,99,153,64.7058823529411765,104,178,58.4269662921348315,6578,6579,273,1,3/2/2017 11:45:53 PM,0.6470588235294117647,0.5842696629213483146,
1.69943389735972E+15,DM-PPSV,99,153,64.7058823529411765,104,178,58.4269662921348315,6578,6579,273,1,3/3/2017 11:37:32 PM,0.6470588235294117647,0.5842696629213483146,
1.69943389735972E+15,DM-PPSV,99,153,64.7058823529411765,104,178,58.4269662921348315,6578,6579,273,1,3/5/2017 11:41:43 PM,0.6470588235294117647,0.5842696629213483146,
1.69943389735972E+15,DM-PPSV,99,153,64.7058823529411765,104,178,58.4269662921348315,6578,6579,273,1,3/6/2017 11:38:35 PM,0.6470588235294117647,0.5842696629213483146,
1.69943389735972E+15,DM-PPSV,98,152,64.4736842105263158,103,177,58.1920903954802260,6578,6579,273,1,3/8/2017 4:25:05 AM,0.6447368421052631578,0.5819209039548022598,
1.69943389735972E+15,DM-PPSV,98,152,64.4736842105263158,103,177,58.1920903954802260,6578,6579,273,1,3/8/2017 11:39:01 PM,0.6447368421052631578,0.5819209039548022598,
1.69943389735972E+15,DM-PPSV,98,152,64.4736842105263158,103,177,58.1920903954802260,6578,6579,273,1,3/9/2017 11:42:30 PM,0.6447368421052631578,0.5819209039548022598,
1.69943389735972E+15,DM-PPSV,97,151,64.2384105960264901,102,176,57.9545454545454545,6578,6579,273,1,3/10/2017 11:38:04 PM,0.6423841059602649006,0.5795454545454545454,
1.69943389735972E+15,DM-PPSV,97,151,64.2384105960264901,102,176,57.9545454545454545,6578,6579,273,1,3/12/2017 11:37:00 PM,0.6423841059602649006,0.5795454545454545454,
1.69943389735972E+15,DM-PPSV,97,151,64.2384105960264901,102,176,57.9545454545454545,6578,6579,273,1,3/13/2017 11:34:16 PM,0.6423841059602649006,0.5795454545454545454,
1.69943389735972E+15,DM-PPSV,97,151,64.2384105960264901,102,176,57.9545454545454545,6578,6579,273,1,3/14/2017 11:41:57 PM,0.6423841059602649006,0.5795454545454545454,
1.69943389735972E+15,DM-PPSV,97,150,64.6666666666666667,102,176,57.9545454545454545,6578,6579,273,1,3/15/2017 11:41:25 PM,0.6466666666666666666,0.5795454545454545454,
1.69943389735972E+15,DM-PPSV,97,150,64.6666666666666667,102,176,57.9545454545454545,6578,6579,273,1,3/16/2017 11:41:22 PM,0.6466666666666666666,0.5795454545454545454,
1.69943389735972E+15,DM-PPSV,97,150,64.6666666666666667,102,176,57.9545454545454545,6578,6579,273,1,3/17/2017 11:39:23 PM,0.6466666666666666666,0.5795454545454545454,
1.69943389735972E+15,DM-PPSV,97,149,65.1006711409395973,102,176,57.9545454545454545,6578,6579,273,1,3/19/2017 11:44:14 PM,0.6510067114093959731,0.5795454545454545454,
1.69943389735972E+15,DM-PPSV,98,149,65.7718120805369128,103,176,58.5227272727272727,6578,6579,273,1,3/20/2017 11:43:01 PM,0.6577181208053691275,0.5852272727272727272,
1.69943389735972E+15,DM-PPSV,98,150,65.3333333333333333,103,177,58.1920903954802260,6578,6579,273,1,3/21/2017 11:38:26 PM,0.6533333333333333333,0.5819209039548022598,
1.69943389735972E+15,DM-PPSV,98,150,65.3333333333333333,103,177,58.1920903954802260,6578,6579,273,1,3/22/2017 11:43:34 PM,0.6533333333333333333,0.5819209039548022598,
1.69943389735972E+15,DM-PPSV,98,150,65.3333333333333333,103,177,58.1920903954802260,6578,6579,273,1,3/23/2017 11:41:15 PM,0.6533333333333333333,0.5819209039548022598,
1.69943389735972E+15,DM-PPSV,98,150,65.3333333333333333,103,177,58.1920903954802260,6578,6579,273,1,3/24/2017 11:41:39 PM,0.6533333333333333333,0.5819209039548022598,
1.69943389735972E+15,DM-PPSV,99,150,66.0000000000000000,104,177,58.7570621468926554,6578,6579,273,1,3/26/2017 11:40:47 PM,0.6600000000000000000,0.5875706214689265536,
1.69943389735972E+15,DM-PPSV,99,150,66.0000000000000000,104,177,58.7570621468926554,6578,6579,273,1,3/27/2017 11:38:20 PM,0.6600000000000000000,0.5875706214689265536,
1.69943389735972E+15,DM-PPSV,100,150,66.6666666666666667,105,177,59.3220338983050847,6578,6579,273,1,3/28/2017 11:36:51 PM,0.6666666666666666666,0.5932203389830508474,
1.69943389735972E+15,DM-PPSV,100,150,66.6666666666666667,105,177,59.3220338983050847,6578,6579,273,1,3/29/2017 11:35:39 PM,0.6666666666666666666,0.5932203389830508474,
1.69943389735972E+15,DM-PPSV,100,150,66.6666666666666667,105,177,59.3220338983050847,6578,6579,273,1,3/30/2017 11:43:22 PM,0.6666666666666666666,0.5932203389830508474,
1.69943389735972E+15,DM-PPSV,100,150,66.6666666666666667,105,177,59.3220338983050847,6578,6579,273,1,3/31/2017 11:45:23 PM,0.6666666666666666666,0.5932203389830508474,
1.69943389735972E+15,DM-PPSV,100,150,66.6666666666666667,105,177,59.3220338983050847,6578,6579,273,1,4/2/2017 11:37:57 PM,0.6666666666666666666,0.5932203389830508474,
1.69943389735972E+15,DM-PPSV,100,150,66.6666666666666667,105,177,59.3220338983050847,6578,6579,273,1,4/3/2017 11:40:57 PM,0.6666666666666666666,0.5932203389830508474,
1.69943389735972E+15,DM-PPSV,100,150,66.6666666666666667,105,177,59.3220338983050847,6578,6579,273,1,4/4/2017 11:35:40 PM,0.6666666666666666666,0.5932203389830508474,
1.69943389735972E+15,DM-PPSV,100,150,66.6666666666666667,105,177,59.3220338983050847,6578,6579,273,1,4/5/2017 11:35:59 PM,0.6666666666666666666,0.5932203389830508474,
1.69943389735972E+15,DM-PPSV,100,150,66.6666666666666667,105,177,59.3220338983050847,6578,6579,273,1,4/6/2017 11:36:39 PM,0.6666666666666666666,0.5932203389830508474,
1.69943389735972E+15,DM-PPSV,100,150,66.6666666666666667,105,177,59.3220338983050847,6578,6579,273,1,4/7/2017 11:42:06 PM,0.6666666666666666666,0.5932203389830508474,
1.69943389735972E+15,DM-PPSV,100,150,66.6666666666666667,105,177,59.3220338983050847,6578,6579,273,1,4/9/2017 11:44:12 PM,0.6666666666666666666,0.5932203389830508474,
1.69943389735972E+15,DM-PPSV,100,150,66.6666666666666667,105,177,59.3220338983050847,6578,6579,273,1,4/10/2017 11:35:42 PM,0.6666666666666666666,0.5932203389830508474,
1.69943389735972E+15,DM-PPSV,100,150,66.6666666666666667,105,177,59.3220338983050847,6578,6579,273,1,4/12/2017 11:34:31 PM,0.6666666666666666666,0.5932203389830508474,
1.69943389735972E+15,DM-PPSV,101,150,67.3333333333333333,106,177,59.8870056497175141,6578,6579,273,1,4/13/2017 11:41:24 PM,0.6733333333333333333,0.5988700564971751412,
1.69943389735972E+15,DM-PPSV,102,150,68.0000000000000000,107,173,61.8497109826589595,6578,6579,273,1,4/14/2017 11:44:02 PM,0.6800000000000000000,0.6184971098265895953,
1.69943389735972E+15,DM-PPSV,101,149,67.7852348993288591,107,173,61.8497109826589595,6578,6579,273,1,4/16/2017 11:38:26 PM,0.6778523489932885906,0.6184971098265895953,
1.69943389735972E+15,DM-PPSV,100,148,67.5675675675675676,106,172,61.6279069767441860,6578,6579,273,1,4/17/2017 11:40:22 PM,0.6756756756756756756,0.6162790697674418604,
1.69943389735972E+15,DM-PPSV,100,148,67.5675675675675676,106,171,61.9883040935672515,6578,6579,273,1,4/18/2017 11:40:24 PM,0.6756756756756756756,0.6198830409356725146,
1.69943389735972E+15,DM-PPSV,100,148,67.5675675675675676,106,171,61.9883040935672515,6578,6579,273,1,4/19/2017 11:40:21 PM,0.6756756756756756756,0.6198830409356725146,
1.69943389735972E+15,DM-PPSV,100,148,67.5675675675675676,106,171,61.9883040935672515,6578,6579,273,1,4/20/2017 11:41:37 PM,0.6756756756756756756,0.6198830409356725146,
1.69943389735972E+15,DM-PPSV,85,128,66.4062500000000000,87,141,61.7021276595744681,6578,6579,273,1,4/21/2017 11:40:24 PM,0.6640625000000000000,0.6170212765957446808,
1.69943389735972E+15,DM-PPSV,85,128,66.4062500000000000,87,141,61.7021276595744681,6578,6579,273,1,4/23/2017 11:39:19 PM,0.6640625000000000000,0.6170212765957446808,
1.69943389735972E+15,DM-PPSV,100,148,67.5675675675675676,103,162,63.5802469135802469,6578,6579,273,1,4/24/2017 10:43:28 AM,0.6756756756756756756,0.6358024691358024691,
1.69943389735972E+15,DM-PPSV,100,148,67.5675675675675676,103,162,63.5802469135802469,6578,6579,273,1,4/24/2017 11:40:38 PM,0.6756756756756756756,0.6358024691358024691,
1.69943389735972E+15,DM-PPSV,100,149,67.1140939597315436,103,162,63.5802469135802469,6578,6579,273,1,4/25/2017 11:39:13 PM,0.6711409395973154362,0.6358024691358024691,
1.69943389735972E+15,DM-PPSV,100,149,67.1140939597315436,103,162,63.5802469135802469,6578,6579,273,1,4/26/2017 11:37:10 PM,0.6711409395973154362,0.6358024691358024691,
1.69943389735972E+15,DM-PPSV,100,149,67.1140939597315436,103,162,63.5802469135802469,6578,6579,273,1,4/27/2017 11:38:15 PM,0.6711409395973154362,0.6358024691358024691,
1.69943389735972E+15,DM-PPSV,101,149,67.7852348993288591,104,160,65.0000000000000000,6578,6579,273,1,4/28/2017 11:40:45 PM,0.6778523489932885906,0.6500000000000000000,
1.69943389735972E+15,DM-PPSV,101,149,67.7852348993288591,104,160,65.0000000000000000,6578,6579,273,1,4/30/2017 11:39:33 PM,0.6778523489932885906,0.6500000000000000000,
1.69943389735972E+15,DM-PPSV,101,149,67.7852348993288591,104,160,65.0000000000000000,6578,6579,273,1,5/1/2017 11:39:52 PM,0.6778523489932885906,0.6500000000000000000,
1.69943389735972E+15,DM-PPSV,101,147,68.7074829931972789,104,159,65.4088050314465409,6578,6579,273,1,5/2/2017 11:39:30 PM,0.6870748299319727891,0.6540880503144654088,
1.69943389735972E+15,DM-PPSV,101,147,68.7074829931972789,104,159,65.4088050314465409,6578,6579,273,1,5/3/2017 11:39:02 PM,0.6870748299319727891,0.6540880503144654088,
1.69943389735972E+15,DM-PPSV,101,147,68.7074829931972789,104,159,65.4088050314465409,6578,6579,273,1,5/4/2017 11:42:33 PM,0.6870748299319727891,0.6540880503144654088,
1.69943389735972E+15,DM-PPSV,101,147,68.7074829931972789,104,159,65.4088050314465409,6578,6579,273,1,5/5/2017 11:44:42 PM,0.6870748299319727891,0.6540880503144654088,
1.69943389735972E+15,DM-PPSV,101,147,68.7074829931972789,104,159,65.4088050314465409,6578,6579,273,1,5/7/2017 11:42:25 PM,0.6870748299319727891,0.6540880503144654088,
1.69943389735972E+15,DM-PPSV,101,147,68.7074829931972789,104,159,65.4088050314465409,6578,6579,273,1,5/8/2017 11:38:31 PM,0.6870748299319727891,0.6540880503144654088,
1.69943389735972E+15,DM-PPSV,101,147,68.7074829931972789,104,159,65.4088050314465409,6578,6579,273,1,5/9/2017 11:45:46 PM,0.6870748299319727891,0.6540880503144654088,
1.69943389735972E+15,DM-PPSV,101,147,68.7074829931972789,104,159,65.4088050314465409,6578,6579,273,1,5/10/2017 11:45:07 PM,0.6870748299319727891,0.6540880503144654088,
1.69943389735972E+15,DM-PPSV,101,146,69.1780821917808219,104,158,65.8227848101265823,6578,6579,273,1,5/11/2017 11:43:20 PM,0.6917808219178082191,0.6582278481012658227,
1.69943389735972E+15,DM-PPSV,102,146,69.8630136986301370,105,156,67.3076923076923077,6578,6579,273,1,5/13/2017 12:01:16 AM,0.6986301369863013698,0.6730769230769230769,
1.69943389735972E+15,DM-PPSV,102,146,69.8630136986301370,105,156,67.3076923076923077,6578,6579,273,1,5/15/2017 12:04:08 AM,0.6986301369863013698,0.6730769230769230769,
1.69943389735972E+15,DM-PPSV,102,146,69.8630136986301370,104,154,67.5324675324675325,6578,6579,273,1,5/16/2017 12:06:53 AM,0.6986301369863013698,0.6753246753246753246,
1.69943389735972E+15,DM-PPSV,102,146,69.8630136986301370,104,154,67.5324675324675325,6578,6579,273,1,5/17/2017 12:05:41 AM,0.6986301369863013698,0.6753246753246753246,
1.69943389735972E+15,DM-PPSV,102,146,69.8630136986301370,104,154,67.5324675324675325,6578,6579,273,1,5/18/2017 12:06:27 AM,0.6986301369863013698,0.6753246753246753246,
1.69943389735972E+15,DM-PPSV,102,146,69.8630136986301370,104,154,67.5324675324675325,6578,6579,273,1,5/19/2017 12:01:44 AM,0.6986301369863013698,0.6753246753246753246,
1.69943389735972E+15,DM-PPSV,102,146,69.8630136986301370,104,154,67.5324675324675325,6578,6579,273,1,5/20/2017 12:05:45 AM,0.6986301369863013698,0.6753246753246753246,
1.69943389735972E+15,DM-PPSV,102,146,69.8630136986301370,104,154,67.5324675324675325,6578,6579,273,1,5/22/2017 12:02:50 AM,0.6986301369863013698,0.6753246753246753246,
1.69943389735972E+15,DM-PPSV,102,146,69.8630136986301370,104,154,67.5324675324675325,6578,6579,273,1,5/23/2017 12:04:54 AM,0.6986301369863013698,0.6753246753246753246,
1.69943389735972E+15,DM-PPSV,102,146,69.8630136986301370,104,154,67.5324675324675325,6578,6579,273,1,5/24/2017 12:08:45 AM,0.6986301369863013698,0.6753246753246753246,
1.69943389735972E+15,DM-PPSV,102,146,69.8630136986301370,104,154,67.5324675324675325,6578,6579,273,1,5/25/2017 12:06:19 AM,0.6986301369863013698,0.6753246753246753246,
1.69943389735972E+15,DM-PPSV,102,146,69.8630136986301370,104,154,67.5324675324675325,6578,6579,273,1,5/26/2017 12:10:57 AM,0.6986301369863013698,0.6753246753246753246,
1.69943389735972E+15,DM-PPSV,102,146,69.8630136986301370,104,154,67.5324675324675325,6578,6579,273,1,5/27/2017 12:05:49 AM,0.6986301369863013698,0.6753246753246753246,
1.69943389735972E+15,DM-PPSV,102,146,69.8630136986301370,104,154,67.5324675324675325,6578,6579,273,1,5/29/2017 12:08:52 AM,0.6986301369863013698,0.6753246753246753246,
1.69943389735972E+15,DM-PPSV,102,146,69.8630136986301370,104,154,67.5324675324675325,6578,6579,273,1,5/30/2017 12:06:10 AM,0.6986301369863013698,0.6753246753246753246,
1.69943389735972E+15,DM-PPSV,102,146,69.8630136986301370,104,154,67.5324675324675325,6578,6579,273,1,5/31/2017 12:02:39 AM,0.6986301369863013698,0.6753246753246753246,
1.69943389735972E+15,DM-PPSV,102,146,69.8630136986301370,104,154,67.5324675324675325,6578,6579,273,1,6/1/2017 12:09:46 AM,0.6986301369863013698,0.6753246753246753246,
1.69943389735972E+15,DM-PPSV,102,146,69.8630136986301370,104,154,67.5324675324675325,6578,6579,273,1,6/2/2017 12:01:38 AM,0.6986301369863013698,0.6753246753246753246,
1.69943389735972E+15,DM-PPSV,102,146,69.8630136986301370,104,154,67.5324675324675325,6578,6579,273,1,6/3/2017 12:07:20 AM,0.6986301369863013698,0.6753246753246753246,
1.69943389735972E+15,DM-PPSV,102,146,69.8630136986301370,104,154,67.5324675324675325,6578,6579,273,1,6/5/2017 12:00:01 AM,0.6986301369863013698,0.6753246753246753246,
1.69943389735972E+15,DM-PPSV,104,146,71.2328767123287671,106,154,68.8311688311688312,6578,6579,273,1,6/6/2017 12:08:36 AM,0.7123287671232876712,0.6883116883116883116,
1.69943389735972E+15,DM-PPSV,105,146,71.9178082191780822,107,154,69.4805194805194805,6578,6579,273,1,6/7/2017 12:04:22 AM,0.7191780821917808219,0.6948051948051948051,
1.69943389735972E+15,DM-PPSV,105,146,71.9178082191780822,107,154,69.4805194805194805,6578,6579,273,1,6/8/2017 12:09:23 AM,0.7191780821917808219,0.6948051948051948051,
1.69943389735972E+15,DM-PPSV,105,146,71.9178082191780822,107,154,69.4805194805194805,6578,6579,273,1,6/9/2017 12:03:58 AM,0.7191780821917808219,0.6948051948051948051,
1.69943389735972E+15,DM-PPSV,105,146,71.9178082191780822,107,154,69.4805194805194805,6578,6579,273,1,6/10/2017 12:05:27 AM,0.7191780821917808219,0.6948051948051948051,
1.69943389735972E+15,DM-PPSV,104,145,71.7241379310344828,106,153,69.2810457516339869,6578,6579,273,1,6/12/2017 12:10:34 AM,0.7172413793103448275,0.6928104575163398692,
1.69943389735972E+15,DM-PPSV,105,146,71.9178082191780822,106,153,69.2810457516339869,6578,6579,273,1,6/13/2017 12:07:09 AM,0.7191780821917808219,0.6928104575163398692,
1.69943389735972E+15,DM-PPSV,106,146,72.6027397260273973,107,153,69.9346405228758170,6578,6579,273,1,6/14/2017 12:09:26 AM,0.7260273972602739726,0.6993464052287581699,
1.69943389735972E+15,DM-PPSV,106,146,72.6027397260273973,107,153,69.9346405228758170,6578,6579,273,1,6/15/2017 12:15:26 AM,0.7260273972602739726,0.6993464052287581699,
1.69943389735972E+15,DM-PPSV,105,146,71.9178082191780822,106,153,69.2810457516339869,6578,6579,273,1,6/16/2017 12:13:00 AM,0.7191780821917808219,0.6928104575163398692,
1.69943389735972E+15,DM-PPSV,105,146,71.9178082191780822,106,153,69.2810457516339869,6578,6579,273,1,6/17/2017 12:13:49 AM,0.7191780821917808219,0.6928104575163398692,
1.69943389735972E+15,DM-PPSV,105,146,71.9178082191780822,106,153,69.2810457516339869,6578,6579,273,1,6/19/2017 12:11:26 AM,0.7191780821917808219,0.6928104575163398692,
1.69943389735972E+15,DM-PPSV,105,146,71.9178082191780822,106,153,69.2810457516339869,6578,6579,273,1,6/20/2017 12:11:41 AM,0.7191780821917808219,0.6928104575163398692,
1.69943389735972E+15,DM-PPSV,105,146,71.9178082191780822,106,153,69.2810457516339869,6578,6579,273,1,6/21/2017 12:10:37 AM,0.7191780821917808219,0.6928104575163398692,
1.69943389735972E+15,DM-PPSV,105,146,71.9178082191780822,106,153,69.2810457516339869,6578,6579,273,1,6/22/2017 12:11:20 AM,0.7191780821917808219,0.6928104575163398692,
1.69943389735972E+15,DM-PPSV,105,146,71.9178082191780822,106,153,69.2810457516339869,6578,6579,273,1,6/23/2017 12:12:13 AM,0.7191780821917808219,0.6928104575163398692,
1.69943389735972E+15,DM-PPSV,105,146,71.9178082191780822,106,153,69.2810457516339869,6578,6579,273,1,6/24/2017 12:09:35 AM,0.7191780821917808219,0.6928104575163398692,
1.69943389735972E+15,DM-PPSV,105,146,71.9178082191780822,106,153,69.2810457516339869,6578,6579,273,1,6/26/2017 12:11:30 AM,0.7191780821917808219,0.6928104575163398692,
1.69943389735972E+15,DM-PPSV,105,146,71.9178082191780822,106,153,69.2810457516339869,6578,6579,273,1,6/27/2017 12:06:45 AM,0.7191780821917808219,0.6928104575163398692,
1.69943389735972E+15,DM-PPSV,105,146,71.9178082191780822,106,153,69.2810457516339869,6578,6579,273,1,6/28/2017 12:07:16 AM,0.7191780821917808219,0.6928104575163398692,
1.69943389735972E+15,DM-PPSV,105,146,71.9178082191780822,106,153,69.2810457516339869,6578,6579,273,1,6/29/2017 12:05:59 AM,0.7191780821917808219,0.6928104575163398692,
1.69943389735972E+15,DM-PPSV,105,146,71.9178082191780822,106,153,69.2810457516339869,6578,6579,273,1,6/30/2017 12:10:27 AM,0.7191780821917808219,0.6928104575163398692,
1.69943389735972E+15,DM-PPSV,105,146,71.9178082191780822,106,153,69.2810457516339869,6578,6579,273,1,7/1/2017 12:11:58 AM,0.7191780821917808219,0.6928104575163398692,
1.69943389735972E+15,DM-PPSV,105,146,71.9178082191780822,106,153,69.2810457516339869,6578,6579,273,1,7/3/2017 12:05:11 AM,0.7191780821917808219,0.6928104575163398692,
1.69943389735972E+15,DM-PPSV,105,146,71.9178082191780822,106,153,69.2810457516339869,6578,6579,273,1,7/4/2017 12:11:33 AM,0.7191780821917808219,0.6928104575163398692,
1.69943389735972E+15,DM-PPSV,105,146,71.9178082191780822,106,153,69.2810457516339869,6578,6579,273,1,7/5/2017 12:08:06 AM,0.7191780821917808219,0.6928104575163398692,
1.69943389735972E+15,DM-PPSV,105,146,71.9178082191780822,106,153,69.2810457516339869,6578,6579,273,1,7/6/2017 12:11:27 AM,0.7191780821917808219,0.6928104575163398692,
1.69943389735972E+15,DM-PPSV,105,146,71.9178082191780822,106,153,69.2810457516339869,6578,6579,273,1,7/7/2017 12:09:27 AM,0.7191780821917808219,0.6928104575163398692,
1.69943389735972E+15,DM-PPSV,105,146,71.9178082191780822,106,153,69.2810457516339869,6578,6579,273,1,7/8/2017 12:03:39 AM,0.7191780821917808219,0.6928104575163398692,
1.69943389735972E+15,DM-PPSV,105,146,71.9178082191780822,106,153,69.2810457516339869,6578,6579,273,1,7/10/2017 12:01:41 AM,0.7191780821917808219,0.6928104575163398692,
1.69943389735972E+15,DM-PPSV,105,147,71.4285714285714286,106,154,68.8311688311688312,6578,6579,273,1,7/11/2017 12:09:06 AM,0.7142857142857142857,0.6883116883116883116,
1.69943389735972E+15,DM-PPSV,105,147,71.4285714285714286,106,154,68.8311688311688312,6578,6579,273,1,7/12/2017 12:12:17 AM,0.7142857142857142857,0.6883116883116883116,
1.69943389735972E+15,DM-PPSV,105,147,71.4285714285714286,106,154,68.8311688311688312,6578,6579,273,1,7/13/2017 12:06:03 AM,0.7142857142857142857,0.6883116883116883116,
1.69943389735972E+15,DM-PPSV,105,147,71.4285714285714286,106,154,68.8311688311688312,6578,6579,273,1,7/14/2017 12:07:49 AM,0.7142857142857142857,0.6883116883116883116,
1.69943389735972E+15,DM-PPSV,104,146,71.2328767123287671,105,153,68.6274509803921569,6578,6579,273,1,7/15/2017 12:09:05 AM,0.7123287671232876712,0.6862745098039215686,
1.69943389735972E+15,DM-PPSV,104,146,71.2328767123287671,105,153,68.6274509803921569,6578,6579,273,1,7/17/2017 12:08:00 AM,0.7123287671232876712,0.6862745098039215686,
1.69943389735972E+15,DM-PPSV,104,146,71.2328767123287671,105,153,68.6274509803921569,6578,6579,273,1,7/18/2017 12:06:49 AM,0.7123287671232876712,0.6862745098039215686,
1.69943389735972E+15,DM-PPSV,104,146,71.2328767123287671,105,153,68.6274509803921569,6578,6579,273,1,7/19/2017 12:12:23 AM,0.7123287671232876712,0.6862745098039215686,
1.69943389735972E+15,DM-PPSV,104,146,71.2328767123287671,105,153,68.6274509803921569,6578,6579,273,1,7/20/2017 12:09:09 AM,0.7123287671232876712,0.6862745098039215686,
1.69943389735972E+15,DM-PPSV,104,146,71.2328767123287671,105,153,68.6274509803921569,6578,6579,273,1,7/21/2017 12:11:00 AM,0.7123287671232876712,0.6862745098039215686,
1.69943389735972E+15,DM-PPSV,104,146,71.2328767123287671,105,153,68.6274509803921569,6578,6579,273,1,7/22/2017 12:09:32 AM,0.7123287671232876712,0.6862745098039215686,
1.69943389735972E+15,DM-PPSV,104,146,71.2328767123287671,105,153,68.6274509803921569,6578,6579,273,1,7/24/2017 12:04:43 AM,0.7123287671232876712,0.6862745098039215686,
1.69943389735972E+15,DM-PPSV,104,146,71.2328767123287671,105,153,68.6274509803921569,6578,6579,273,1,7/25/2017 12:04:47 AM,0.7123287671232876712,0.6862745098039215686,
1.69943389735972E+15,DM-PPSV,104,146,71.2328767123287671,105,153,68.6274509803921569,6578,6579,273,1,7/26/2017 12:10:45 AM,0.7123287671232876712,0.6862745098039215686,
1.69943389735972E+15,DM-PPSV,104,146,71.2328767123287671,105,153,68.6274509803921569,6578,6579,273,1,7/27/2017 12:06:23 AM,0.7123287671232876712,0.6862745098039215686,
1.69943389735972E+15,DM-PPSV,104,146,71.2328767123287671,105,153,68.6274509803921569,6578,6579,273,1,7/28/2017 12:05:47 AM,0.7123287671232876712,0.6862745098039215686,
1.69943389735972E+15,DM-PPSV,104,146,71.2328767123287671,105,153,68.6274509803921569,6578,6579,273,1,7/29/2017 12:08:27 AM,0.7123287671232876712,0.6862745098039215686,
1.69943389735972E+15,DM-PPSV,104,146,71.2328767123287671,105,153,68.6274509803921569,6578,6579,273,1,7/31/2017 12:06:37 AM,0.7123287671232876712,0.6862745098039215686,
1.69943389735972E+15,DM-PPSV,104,146,71.2328767123287671,105,153,68.6274509803921569,6578,6579,273,1,8/1/2017 12:07:02 AM,0.7123287671232876712,0.6862745098039215686,
1.69943389735972E+15,DM-PPSV,105,152,69.0789473684210526,105,153,68.6274509803921569,6578,6579,273,1,8/2/2017 12:10:25 AM,0.6907894736842105263,0.6862745098039215686,
1.69943389735972E+15,DM-PPSV,105,152,69.0789473684210526,105,153,68.6274509803921569,6578,6579,273,1,8/3/2017 12:09:21 AM,0.6907894736842105263,0.6862745098039215686,
1.69943389735972E+15,DM-PPSV,105,152,69.0789473684210526,105,153,68.6274509803921569,6578,6579,273,1,8/4/2017 12:09:48 AM,0.6907894736842105263,0.6862745098039215686,
1.69943389735972E+15,DM-PPSV,106,152,69.7368421052631579,106,153,69.2810457516339869,6578,6579,273,1,8/5/2017 12:11:06 AM,0.6973684210526315789,0.6928104575163398692,
1.69943389735972E+15,DM-PPSV,106,152,69.7368421052631579,106,153,69.2810457516339869,6578,6579,273,1,8/7/2017 12:07:15 AM,0.6973684210526315789,0.6928104575163398692,
1.69943389735972E+15,DM-PPSV,106,152,69.7368421052631579,106,153,69.2810457516339869,6578,6579,273,1,8/8/2017 12:10:01 AM,0.6973684210526315789,0.6928104575163398692,
1.69943389735972E+15,DM-PPSV,107,152,70.3947368421052632,107,153,69.9346405228758170,6578,6579,273,1,8/9/2017 12:15:06 AM,0.7039473684210526315,0.6993464052287581699,
1.69943389735972E+15,DM-PPSV,107,152,70.3947368421052632,107,153,69.9346405228758170,6578,6579,273,1,8/10/2017 12:10:24 AM,0.7039473684210526315,0.6993464052287581699,
1.69943389735972E+15,DM-PPSV,107,152,70.3947368421052632,107,153,69.9346405228758170,6578,6579,273,1,8/11/2017 12:05:55 AM,0.7039473684210526315,0.6993464052287581699,
1.69943389735972E+15,DM-PPSV,107,152,70.3947368421052632,107,153,69.9346405228758170,6578,6579,273,1,8/12/2017 12:10:29 AM,0.7039473684210526315,0.6993464052287581699,
1.69943389735972E+15,DM-PPSV,107,152,70.3947368421052632,107,153,69.9346405228758170,6578,6579,273,1,8/14/2017 12:08:40 AM,0.7039473684210526315,0.6993464052287581699,
1.69943389735972E+15,DM-PPSV,106,151,70.1986754966887417,106,152,69.7368421052631579,6578,6579,273,1,8/15/2017 12:09:40 AM,0.7019867549668874172,0.6973684210526315789,
1.69943389735972E+15,DM-PPSV,106,151,70.1986754966887417,106,152,69.7368421052631579,6578,6579,273,1,8/16/2017 12:11:51 AM,0.7019867549668874172,0.6973684210526315789,
1.69943389735972E+15,DM-PPSV,106,151,70.1986754966887417,106,152,69.7368421052631579,6578,6579,273,1,8/17/2017 12:11:23 AM,0.7019867549668874172,0.6973684210526315789,
1.69943389735972E+15,DM-PPSV,106,151,70.1986754966887417,106,152,69.7368421052631579,6578,6579,273,1,8/18/2017 12:09:45 AM,0.7019867549668874172,0.6973684210526315789,
1.69943389735972E+15,DM-PPSV,106,151,70.1986754966887417,106,152,69.7368421052631579,6578,6579,273,1,8/19/2017 12:09:27 AM,0.7019867549668874172,0.6973684210526315789,
1.69943389735972E+15,DM-PPSV,106,151,70.1986754966887417,106,152,69.7368421052631579,6578,6579,273,1,8/21/2017 12:07:31 AM,0.7019867549668874172,0.6973684210526315789,
1.69943389735972E+15,DM-PPSV,106,151,70.1986754966887417,106,152,69.7368421052631579,6578,6579,273,1,8/22/2017 12:07:46 AM,0.7019867549668874172,0.6973684210526315789,
1.69943389735972E+15,DM-PPSV,106,151,70.1986754966887417,106,152,69.7368421052631579,6578,6579,273,1,8/23/2017 12:12:02 AM,0.7019867549668874172,0.6973684210526315789,
1.69943389735972E+15,DM-PPSV,106,151,70.1986754966887417,106,152,69.7368421052631579,6578,6579,273,1,8/24/2017 12:07:39 AM,0.7019867549668874172,0.6973684210526315789,
1.69943389735972E+15,DM-PPSV,106,151,70.1986754966887417,106,152,69.7368421052631579,6578,6579,273,1,8/25/2017 12:12:03 AM,0.7019867549668874172,0.6973684210526315789,
1.69943389735972E+15,DM-PPSV,107,151,70.8609271523178808,107,152,70.3947368421052632,6578,6579,273,1,8/26/2017 12:12:53 AM,0.7086092715231788079,0.7039473684210526315,
1.69943389735972E+15,DM-PPSV,107,151,70.8609271523178808,107,152,70.3947368421052632,6578,6579,273,1,8/28/2017 12:08:34 AM,0.7086092715231788079,0.7039473684210526315,
1.69943389735972E+15,DM-PPSV,107,151,70.8609271523178808,107,152,70.3947368421052632,6578,6579,273,1,8/29/2017 12:08:50 AM,0.7086092715231788079,0.7039473684210526315,
1.69943389735972E+15,DM-PPSV,107,151,70.8609271523178808,107,152,70.3947368421052632,6578,6579,273,1,8/30/2017 12:08:48 AM,0.7086092715231788079,0.7039473684210526315,
1.69943389735972E+15,DM-PPSV,107,151,70.8609271523178808,107,152,70.3947368421052632,6578,6579,273,1,8/31/2017 12:11:39 AM,0.7086092715231788079,0.7039473684210526315,
1.69943389735972E+15,DM-PPSV,107,151,70.8609271523178808,107,152,70.3947368421052632,6578,6579,273,1,9/1/2017 12:09:46 AM,0.7086092715231788079,0.7039473684210526315,
1.69943389735972E+15,DM-PPSV,107,152,70.3947368421052632,107,153,69.9346405228758170,6578,6579,273,1,9/2/2017 12:10:12 AM,0.7039473684210526315,0.6993464052287581699,
1.69943389735972E+15,DM-PPSV,107,152,70.3947368421052632,107,153,69.9346405228758170,6578,6579,273,1,9/4/2017 12:11:38 AM,0.7039473684210526315,0.6993464052287581699,
1.69943389735972E+15,DM-PPSV,107,152,70.3947368421052632,107,153,69.9346405228758170,6578,6579,273,1,9/5/2017 12:08:13 AM,0.7039473684210526315,0.6993464052287581699,
1.69943389735972E+15,DM-PPSV,107,152,70.3947368421052632,107,153,69.9346405228758170,6578,6579,273,1,9/6/2017 12:11:00 AM,0.7039473684210526315,0.6993464052287581699,
1.69943389735972E+15,DM-PPSV,107,152,70.3947368421052632,107,153,69.9346405228758170,6578,6579,273,1,9/7/2017 12:08:50 AM,0.7039473684210526315,0.6993464052287581699,
1.69943389735972E+15,DM-PPSV,107,152,70.3947368421052632,107,153,69.9346405228758170,6578,6579,273,1,9/8/2017 12:12:12 AM,0.7039473684210526315,0.6993464052287581699,
1.69943389735972E+15,DM-PPSV,107,152,70.3947368421052632,107,153,69.9346405228758170,6578,6579,273,1,9/9/2017 12:10:08 AM,0.7039473684210526315,0.6993464052287581699,
1.69943389735972E+15,DM-PPSV,107,151,70.8609271523178808,107,153,69.9346405228758170,6578,6579,273,1,9/11/2017 12:10:47 AM,0.7086092715231788079,0.6993464052287581699,
1.69943389735972E+15,DM-PPSV,108,151,71.5231788079470199,108,153,70.5882352941176471,6578,6579,273,1,9/12/2017 12:12:00 AM,0.7152317880794701986,0.7058823529411764705,
1.69943389735972E+15,DM-PPSV,108,151,71.5231788079470199,108,153,70.5882352941176471,6578,6579,273,1,9/13/2017 12:11:29 AM,0.7152317880794701986,0.7058823529411764705,
1.69943389735972E+15,DM-PPSV,108,151,71.5231788079470199,108,153,70.5882352941176471,6578,6579,273,1,9/14/2017 12:12:11 AM,0.7152317880794701986,0.7058823529411764705,
1.69943389735972E+15,DM-PPSV,108,151,71.5231788079470199,108,153,70.5882352941176471,6578,6579,273,1,9/15/2017 12:13:31 AM,0.7152317880794701986,0.7058823529411764705,
1.69943389735972E+15,DM-PPSV,109,151,72.1854304635761589,109,153,71.2418300653594771,6578,6579,273,1,9/16/2017 12:15:05 AM,0.7218543046357615894,0.7124183006535947712,
1.69943389735972E+15,DM-PPSV,109,152,71.7105263157894737,109,154,70.7792207792207792,6578,6579,273,1,9/20/2017 12:04:40 AM,0.7171052631578947368,0.7077922077922077922,
1.69943389735972E+15,DM-PPSV,109,152,71.7105263157894737,109,154,70.7792207792207792,6578,6579,273,1,9/21/2017 12:06:23 AM,0.7171052631578947368,0.7077922077922077922,
1.69943389735972E+15,DM-PPSV,109,152,71.7105263157894737,109,154,70.7792207792207792,6578,6579,273,1,9/22/2017 12:13:21 AM,0.7171052631578947368,0.7077922077922077922,
1.69943389735972E+15,DM-PPSV,109,152,71.7105263157894737,109,154,70.7792207792207792,6578,6579,273,1,9/23/2017 12:15:16 AM,0.7171052631578947368,0.7077922077922077922,
1.69943389735972E+15,DM-PPSV,109,152,71.7105263157894737,109,154,70.7792207792207792,6578,6579,273,1,9/25/2017 12:15:36 AM,0.7171052631578947368,0.7077922077922077922,
1.69943389735972E+15,DM-PPSV,109,151,72.1854304635761589,109,153,71.2418300653594771,6578,6579,273,1,9/26/2017 12:16:03 AM,0.7218543046357615894,0.7124183006535947712,
1.69943389735972E+15,DM-PPSV,109,151,72.1854304635761589,109,153,71.2418300653594771,6578,6579,273,1,9/27/2017 12:15:29 AM,0.7218543046357615894,0.7124183006535947712,
1.69943389735972E+15,DM-PPSV,109,151,72.1854304635761589,109,153,71.2418300653594771,6578,6579,273,1,9/28/2017 12:06:58 AM,0.7218543046357615894,0.7124183006535947712,
1.69943389735972E+15,DM-PPSV,109,151,72.1854304635761589,109,153,71.2418300653594771,6578,6579,273,1,9/29/2017 12:11:46 AM,0.7218543046357615894,0.7124183006535947712,
1.69943389735972E+15,DM-PPSV,109,150,72.6666666666666667,109,152,71.7105263157894737,6578,6579,273,1,9/30/2017 12:11:46 AM,0.7266666666666666666,0.7171052631578947368,
1.69943389735972E+15,DM-PPSV,109,150,72.6666666666666667,109,152,71.7105263157894737,6578,6579,273,1,10/2/2017 12:15:10 AM,0.7266666666666666666,0.7171052631578947368,
1.69943389735972E+15,DM-PPSV,108,146,73.9726027397260274,108,148,72.9729729729729730,6578,6579,273,1,10/3/2017 12:11:06 AM,0.7397260273972602739,0.7297297297297297297,
1.69943389735972E+15,DM-PPSV,108,146,73.9726027397260274,108,148,72.9729729729729730,6578,6579,273,1,10/4/2017 12:10:21 AM,0.7397260273972602739,0.7297297297297297297,
1.69943389735972E+15,DM-PPSV,108,146,73.9726027397260274,108,148,72.9729729729729730,6578,6579,273,1,10/5/2017 12:12:51 AM,0.7397260273972602739,0.7297297297297297297,
1.69943389735972E+15,DM-PPSV,109,146,74.6575342465753425,109,148,73.6486486486486486,6578,6579,273,1,10/6/2017 12:16:24 AM,0.7465753424657534246,0.7364864864864864864,
1.69943389735972E+15,DM-PPSV,109,146,74.6575342465753425,109,148,73.6486486486486486,6578,6579,273,1,10/7/2017 12:15:37 AM,0.7465753424657534246,0.7364864864864864864,
1.69943389735972E+15,DM-PPSV,109,146,74.6575342465753425,109,148,73.6486486486486486,6578,6579,273,1,10/9/2017 12:14:04 AM,0.7465753424657534246,0.7364864864864864864,
1.69943389735972E+15,DM-PPSV,109,146,74.6575342465753425,109,148,73.6486486486486486,6578,6579,273,1,10/10/2017 12:13:02 AM,0.7465753424657534246,0.7364864864864864864,
1.69943389735972E+15,DM-PPSV,109,146,74.6575342465753425,109,148,73.6486486486486486,6578,6579,273,1,10/11/2017 12:15:03 AM,0.7465753424657534246,0.7364864864864864864,
1.69943389735972E+15,DM-PPSV,109,146,74.6575342465753425,109,148,73.6486486486486486,6578,6579,273,1,10/12/2017 12:17:49 AM,0.7465753424657534246,0.7364864864864864864,
1.69943389735972E+15,DM-PPSV,109,146,74.6575342465753425,109,148,73.6486486486486486,6578,6579,273,1,10/13/2017 12:23:01 AM,0.7465753424657534246,0.7364864864864864864,
1.69943389735972E+15,DM-PPSV,109,146,74.6575342465753425,109,148,73.6486486486486486,6578,6579,273,1,10/14/2017 12:17:54 AM,0.7465753424657534246,0.7364864864864864864,
1.69943389735972E+15,DM-PPSV,108,145,74.4827586206896552,108,147,73.4693877551020408,6578,6579,273,1,10/18/2017 1:25:36 PM,0.7448275862068965517,0.7346938775510204081,
1.69943389735972E+15,DM-PPSV,108,145,74.4827586206896552,108,147,73.4693877551020408,6578,6579,273,1,10/20/2017 12:09:37 AM,0.7448275862068965517,0.7346938775510204081,
1.69943389735972E+15,DM-PPSV,108,145,74.4827586206896552,108,147,73.4693877551020408,6578,6579,273,1,10/21/2017 12:09:33 AM,0.7448275862068965517,0.7346938775510204081,
1.69943389735972E+15,DM-PPSV,108,145,74.4827586206896552,108,147,73.4693877551020408,6578,6579,273,1,10/23/2017 12:09:41 AM,0.7448275862068965517,0.7346938775510204081,
1.69943389735972E+15,DM-PPSV,108,145,74.4827586206896552,108,147,73.4693877551020408,6578,6579,273,1,10/24/2017 12:11:10 AM,0.7448275862068965517,0.7346938775510204081,
1.69943389735972E+15,DM-PPSV,108,145,74.4827586206896552,108,145,74.4827586206896552,6578,6579,273,1,10/25/2017 12:10:02 AM,0.7448275862068965517,0.7448275862068965517,
1.69943389735972E+15,DM-PPSV,108,145,74.4827586206896552,108,145,74.4827586206896552,6578,6579,273,1,10/26/2017 12:07:46 AM,0.7448275862068965517,0.7448275862068965517,
1.69943389735972E+15,DM-PPSV,108,145,74.4827586206896552,108,145,74.4827586206896552,6578,6579,273,1,10/27/2017 12:10:59 AM,0.7448275862068965517,0.7448275862068965517,
1.69943389735972E+15,DM-PPSV,108,145,74.4827586206896552,108,145,74.4827586206896552,6578,6579,273,1,10/28/2017 12:11:06 AM,0.7448275862068965517,0.7448275862068965517,
1.69943389735972E+15,DM-PPSV,108,145,74.4827586206896552,108,145,74.4827586206896552,6578,6579,273,1,10/30/2017 12:09:59 AM,0.7448275862068965517,0.7448275862068965517,
1.69943389735972E+15,DM-PPSV,108,145,74.4827586206896552,108,145,74.4827586206896552,6578,6579,273,1,10/31/2017 12:10:47 AM,0.7448275862068965517,0.7448275862068965517,
1.69943389735972E+15,MAMMO,137,247,55.4655870445344130,150,313,47.9233226837060703,6594,6595,273,1,1/1/2017 11:43:16 PM,0.5546558704453441295,0.4792332268370607028,
1.69943389735972E+15,MAMMO,139,247,56.2753036437246964,152,313,48.5623003194888179,6594,6595,273,1,1/2/2017 11:44:54 PM,0.5627530364372469635,0.4856230031948881789,
1.69943389735972E+15,MAMMO,138,246,56.0975609756097561,152,313,48.5623003194888179,6594,6595,273,1,1/3/2017 11:39:35 PM,0.5609756097560975609,0.4856230031948881789,
1.69943389735972E+15,MAMMO,138,246,56.0975609756097561,151,313,48.2428115015974441,6594,6595,273,1,1/4/2017 11:37:46 PM,0.5609756097560975609,0.4824281150159744408,
1.69943389735972E+15,MAMMO,139,247,56.2753036437246964,151,313,48.2428115015974441,6594,6595,273,1,1/5/2017 11:43:30 PM,0.5627530364372469635,0.4824281150159744408,
1.69943389735972E+15,MAMMO,139,247,56.2753036437246964,151,313,48.2428115015974441,6594,6595,273,1,1/6/2017 11:43:23 PM,0.5627530364372469635,0.4824281150159744408,
1.69943389735972E+15,MAMMO,139,247,56.2753036437246964,151,313,48.2428115015974441,6594,6595,273,1,1/8/2017 11:43:18 PM,0.5627530364372469635,0.4824281150159744408,
1.69943389735972E+15,MAMMO,139,247,56.2753036437246964,151,313,48.2428115015974441,6594,6595,273,1,1/9/2017 11:42:44 PM,0.5627530364372469635,0.4824281150159744408,
1.69943389735972E+15,MAMMO,139,247,56.2753036437246964,152,313,48.5623003194888179,6594,6595,273,1,1/10/2017 11:46:49 PM,0.5627530364372469635,0.4856230031948881789,
1.69943389735972E+15,MAMMO,138,245,56.3265306122448980,152,313,48.5623003194888179,6594,6595,273,1,1/11/2017 11:42:00 PM,0.5632653061224489795,0.4856230031948881789,
1.69943389735972E+15,MAMMO,138,245,56.3265306122448980,152,313,48.5623003194888179,6594,6595,273,1,1/12/2017 11:42:38 PM,0.5632653061224489795,0.4856230031948881789,
1.69943389735972E+15,MAMMO,138,244,56.5573770491803279,152,313,48.5623003194888179,6594,6595,273,1,1/13/2017 11:45:34 PM,0.5655737704918032786,0.4856230031948881789,
1.69943389735972E+15,MAMMO,140,245,57.1428571428571429,154,314,49.0445859872611465,6594,6595,273,1,1/15/2017 11:47:48 PM,0.5714285714285714285,0.4904458598726114649,
1.69943389735972E+15,MAMMO,140,245,57.1428571428571429,154,314,49.0445859872611465,6594,6595,273,1,1/16/2017 11:40:13 PM,0.5714285714285714285,0.4904458598726114649,
1.69943389735972E+15,MAMMO,141,247,57.0850202429149798,154,314,49.0445859872611465,6594,6595,273,1,1/17/2017 11:44:57 PM,0.5708502024291497975,0.4904458598726114649,
1.69943389735972E+15,MAMMO,140,246,56.9105691056910569,154,314,49.0445859872611465,6594,6595,273,1,1/18/2017 11:44:37 PM,0.5691056910569105691,0.4904458598726114649,
1.69943389735972E+15,MAMMO,140,246,56.9105691056910569,154,314,49.0445859872611465,6594,6595,273,1,1/19/2017 11:41:25 PM,0.5691056910569105691,0.4904458598726114649,
1.69943389735972E+15,MAMMO,140,246,56.9105691056910569,154,314,49.0445859872611465,6594,6595,273,1,1/20/2017 11:45:31 PM,0.5691056910569105691,0.4904458598726114649,
1.69943389735972E+15,MAMMO,140,246,56.9105691056910569,154,314,49.0445859872611465,6594,6595,273,1,1/22/2017 11:36:38 PM,0.5691056910569105691,0.4904458598726114649,
1.69943389735972E+15,MAMMO,141,247,57.0850202429149798,154,315,48.8888888888888889,6594,6595,273,1,1/23/2017 11:38:41 PM,0.5708502024291497975,0.4888888888888888888,
1.69943389735972E+15,MAMMO,141,246,57.3170731707317073,154,315,48.8888888888888889,6594,6595,273,1,1/24/2017 11:36:18 PM,0.5731707317073170731,0.4888888888888888888,
1.69943389735972E+15,MAMMO,141,245,57.5510204081632653,154,315,48.8888888888888889,6594,6595,273,1,1/25/2017 11:44:35 PM,0.5755102040816326530,0.4888888888888888888,
1.69943389735972E+15,MAMMO,141,245,57.5510204081632653,154,315,48.8888888888888889,6594,6595,273,1,1/26/2017 11:44:03 PM,0.5755102040816326530,0.4888888888888888888,
1.69943389735972E+15,MAMMO,140,244,57.3770491803278689,152,314,48.4076433121019108,6594,6595,273,1,1/27/2017 11:40:56 PM,0.5737704918032786885,0.4840764331210191082,
1.69943389735972E+15,MAMMO,140,244,57.3770491803278689,152,314,48.4076433121019108,6594,6595,273,1,1/29/2017 11:42:47 PM,0.5737704918032786885,0.4840764331210191082,
1.69943389735972E+15,MAMMO,140,244,57.3770491803278689,152,314,48.4076433121019108,6594,6595,273,1,1/30/2017 11:45:31 PM,0.5737704918032786885,0.4840764331210191082,
1.69943389735972E+15,MAMMO,141,244,57.7868852459016393,153,314,48.7261146496815287,6594,6595,273,1,1/31/2017 11:48:18 PM,0.5778688524590163934,0.4872611464968152866,
1.69943389735972E+15,MAMMO,140,243,57.6131687242798354,152,313,48.5623003194888179,6594,6595,273,1,2/1/2017 11:48:17 PM,0.5761316872427983539,0.4856230031948881789,
1.69943389735972E+15,MAMMO,142,243,58.4362139917695473,154,313,49.2012779552715655,6594,6595,273,1,2/2/2017 11:45:40 PM,0.5843621399176954732,0.4920127795527156549,
1.69943389735972E+15,MAMMO,142,242,58.6776859504132231,154,313,49.2012779552715655,6594,6595,273,1,2/3/2017 11:41:02 PM,0.5867768595041322314,0.4920127795527156549,
1.69943389735972E+15,MAMMO,142,242,58.6776859504132231,154,313,49.2012779552715655,6594,6595,273,1,2/5/2017 11:40:29 PM,0.5867768595041322314,0.4920127795527156549,
1.69943389735972E+15,MAMMO,142,242,58.6776859504132231,154,313,49.2012779552715655,6594,6595,273,1,2/6/2017 11:38:07 PM,0.5867768595041322314,0.4920127795527156549,
1.69943389735972E+15,MAMMO,142,242,58.6776859504132231,154,313,49.2012779552715655,6594,6595,273,1,2/7/2017 11:37:40 PM,0.5867768595041322314,0.4920127795527156549,
1.69943389735972E+15,MAMMO,142,242,58.6776859504132231,154,313,49.2012779552715655,6594,6595,273,1,2/8/2017 11:43:00 PM,0.5867768595041322314,0.4920127795527156549,
1.69943389735972E+15,MAMMO,142,242,58.6776859504132231,154,313,49.2012779552715655,6594,6595,273,1,2/9/2017 11:46:01 PM,0.5867768595041322314,0.4920127795527156549,
1.69943389735972E+15,MAMMO,142,242,58.6776859504132231,154,313,49.2012779552715655,6594,6595,273,1,2/10/2017 11:40:14 PM,0.5867768595041322314,0.4920127795527156549,
1.69943389735972E+15,MAMMO,142,242,58.6776859504132231,154,313,49.2012779552715655,6594,6595,273,1,2/12/2017 11:46:10 PM,0.5867768595041322314,0.4920127795527156549,
1.69943389735972E+15,MAMMO,142,242,58.6776859504132231,154,313,49.2012779552715655,6594,6595,273,1,2/13/2017 11:40:35 PM,0.5867768595041322314,0.4920127795527156549,
1.69943389735972E+15,MAMMO,142,242,58.6776859504132231,154,313,49.2012779552715655,6594,6595,273,1,2/14/2017 11:42:12 PM,0.5867768595041322314,0.4920127795527156549,
1.69943389735972E+15,MAMMO,143,242,59.0909090909090909,155,314,49.3630573248407643,6594,6595,273,1,2/15/2017 11:38:06 PM,0.5909090909090909090,0.4936305732484076433,
1.69943389735972E+15,MAMMO,143,242,59.0909090909090909,155,314,49.3630573248407643,6594,6595,273,1,2/16/2017 11:40:56 PM,0.5909090909090909090,0.4936305732484076433,
1.69943389735972E+15,MAMMO,143,242,59.0909090909090909,155,314,49.3630573248407643,6594,6595,273,1,2/17/2017 11:38:33 PM,0.5909090909090909090,0.4936305732484076433,
1.69943389735972E+15,MAMMO,143,241,59.3360995850622407,155,314,49.3630573248407643,6594,6595,273,1,2/19/2017 11:40:38 PM,0.5933609958506224066,0.4936305732484076433,
1.69943389735972E+15,MAMMO,143,241,59.3360995850622407,155,314,49.3630573248407643,6594,6595,273,1,2/20/2017 11:43:48 PM,0.5933609958506224066,0.4936305732484076433,
1.69943389735972E+15,MAMMO,143,241,59.3360995850622407,155,314,49.3630573248407643,6594,6595,273,1,2/21/2017 11:42:42 PM,0.5933609958506224066,0.4936305732484076433,
1.69943389735972E+15,MAMMO,143,241,59.3360995850622407,155,314,49.3630573248407643,6594,6595,273,1,2/22/2017 11:44:44 PM,0.5933609958506224066,0.4936305732484076433,
1.69943389735972E+15,MAMMO,143,242,59.0909090909090909,156,315,49.5238095238095238,6594,6595,273,1,2/23/2017 11:39:50 PM,0.5909090909090909090,0.4952380952380952380,
1.69943389735972E+15,MAMMO,143,242,59.0909090909090909,155,314,49.3630573248407643,6594,6595,273,1,2/24/2017 11:41:08 PM,0.5909090909090909090,0.4936305732484076433,
1.69943389735972E+15,MAMMO,142,241,58.9211618257261411,155,314,49.3630573248407643,6594,6595,273,1,2/26/2017 11:43:16 PM,0.5892116182572614107,0.4936305732484076433,
1.69943389735972E+15,MAMMO,142,241,58.9211618257261411,155,314,49.3630573248407643,6594,6595,273,1,2/27/2017 11:38:41 PM,0.5892116182572614107,0.4936305732484076433,
1.69943389735972E+15,MAMMO,143,241,59.3360995850622407,156,314,49.6815286624203822,6594,6595,273,1,2/28/2017 11:43:50 PM,0.5933609958506224066,0.4968152866242038216,
1.69943389735972E+15,MAMMO,143,241,59.3360995850622407,156,314,49.6815286624203822,6594,6595,273,1,3/1/2017 11:35:37 PM,0.5933609958506224066,0.4968152866242038216,
1.69943389735972E+15,MAMMO,143,241,59.3360995850622407,156,314,49.6815286624203822,6594,6595,273,1,3/2/2017 11:46:09 PM,0.5933609958506224066,0.4968152866242038216,
1.69943389735972E+15,MAMMO,143,240,59.5833333333333333,156,314,49.6815286624203822,6594,6595,273,1,3/3/2017 11:37:48 PM,0.5958333333333333333,0.4968152866242038216,
1.69943389735972E+15,MAMMO,143,240,59.5833333333333333,156,314,49.6815286624203822,6594,6595,273,1,3/5/2017 11:41:58 PM,0.5958333333333333333,0.4968152866242038216,
1.69943389735972E+15,MAMMO,144,241,59.7510373443983402,156,314,49.6815286624203822,6594,6595,273,1,3/6/2017 11:38:50 PM,0.5975103734439834024,0.4968152866242038216,
1.69943389735972E+15,MAMMO,144,239,60.2510460251046025,156,314,49.6815286624203822,6594,6595,273,1,3/8/2017 4:25:21 AM,0.6025104602510460251,0.4968152866242038216,
1.69943389735972E+15,MAMMO,144,239,60.2510460251046025,156,314,49.6815286624203822,6594,6595,273,1,3/8/2017 11:39:17 PM,0.6025104602510460251,0.4968152866242038216,
1.69943389735972E+15,MAMMO,145,241,60.1659751037344398,156,314,49.6815286624203822,6594,6595,273,1,3/9/2017 11:42:46 PM,0.6016597510373443983,0.4968152866242038216,
1.69943389735972E+15,MAMMO,145,241,60.1659751037344398,157,314,50.0000000000000000,6594,6595,273,1,3/10/2017 11:38:20 PM,0.6016597510373443983,0.5000000000000000000,
1.69943389735972E+15,MAMMO,145,240,60.4166666666666667,157,314,50.0000000000000000,6594,6595,273,1,3/12/2017 11:37:16 PM,0.6041666666666666666,0.5000000000000000000,
1.69943389735972E+15,MAMMO,146,241,60.5809128630705394,158,315,50.1587301587301587,6594,6595,273,1,3/13/2017 11:34:32 PM,0.6058091286307053941,0.5015873015873015873,
1.69943389735972E+15,MAMMO,147,241,60.9958506224066390,159,316,50.3164556962025316,6594,6595,273,1,3/14/2017 11:42:12 PM,0.6099585062240663900,0.5031645569620253164,
1.69943389735972E+15,MAMMO,147,241,60.9958506224066390,159,316,50.3164556962025316,6594,6595,273,1,3/15/2017 11:41:40 PM,0.6099585062240663900,0.5031645569620253164,
1.69943389735972E+15,MAMMO,147,241,60.9958506224066390,159,316,50.3164556962025316,6594,6595,273,1,3/16/2017 11:41:37 PM,0.6099585062240663900,0.5031645569620253164,
1.69943389735972E+15,MAMMO,147,241,60.9958506224066390,160,316,50.6329113924050633,6594,6595,273,1,3/17/2017 11:39:38 PM,0.6099585062240663900,0.5063291139240506329,
1.69943389735972E+15,MAMMO,147,241,60.9958506224066390,160,316,50.6329113924050633,6594,6595,273,1,3/19/2017 11:44:30 PM,0.6099585062240663900,0.5063291139240506329,
1.69943389735972E+15,MAMMO,147,243,60.4938271604938272,160,316,50.6329113924050633,6594,6595,273,1,3/20/2017 11:43:17 PM,0.6049382716049382716,0.5063291139240506329,
1.69943389735972E+15,MAMMO,147,243,60.4938271604938272,160,316,50.6329113924050633,6594,6595,273,1,3/21/2017 11:38:41 PM,0.6049382716049382716,0.5063291139240506329,
1.69943389735972E+15,MAMMO,147,243,60.4938271604938272,160,316,50.6329113924050633,6594,6595,273,1,3/22/2017 11:43:50 PM,0.6049382716049382716,0.5063291139240506329,
1.69943389735972E+15,MAMMO,147,243,60.4938271604938272,160,316,50.6329113924050633,6594,6595,273,1,3/23/2017 11:41:30 PM,0.6049382716049382716,0.5063291139240506329,
1.69943389735972E+15,MAMMO,147,245,60.0000000000000000,160,316,50.6329113924050633,6594,6595,273,1,3/24/2017 11:41:54 PM,0.6000000000000000000,0.5063291139240506329,
1.69943389735972E+15,MAMMO,147,245,60.0000000000000000,161,317,50.7886435331230284,6594,6595,273,1,3/26/2017 11:41:02 PM,0.6000000000000000000,0.5078864353312302839,
1.69943389735972E+15,MAMMO,148,246,60.1626016260162602,161,317,50.7886435331230284,6594,6595,273,1,3/27/2017 11:38:36 PM,0.6016260162601626016,0.5078864353312302839,
1.69943389735972E+15,MAMMO,148,246,60.1626016260162602,161,317,50.7886435331230284,6594,6595,273,1,3/28/2017 11:37:05 PM,0.6016260162601626016,0.5078864353312302839,
1.69943389735972E+15,MAMMO,147,245,60.0000000000000000,161,317,50.7886435331230284,6594,6595,273,1,3/29/2017 11:35:55 PM,0.6000000000000000000,0.5078864353312302839,
1.69943389735972E+15,MAMMO,147,245,60.0000000000000000,161,317,50.7886435331230284,6594,6595,273,1,3/30/2017 11:43:38 PM,0.6000000000000000000,0.5078864353312302839,
1.69943389735972E+15,MAMMO,147,245,60.0000000000000000,161,317,50.7886435331230284,6594,6595,273,1,3/31/2017 11:45:39 PM,0.6000000000000000000,0.5078864353312302839,
1.69943389735972E+15,MAMMO,146,244,59.8360655737704918,160,317,50.4731861198738170,6594,6595,273,1,4/2/2017 11:38:13 PM,0.5983606557377049180,0.5047318611987381703,
1.69943389735972E+15,MAMMO,146,244,59.8360655737704918,160,317,50.4731861198738170,6594,6595,273,1,4/3/2017 11:41:13 PM,0.5983606557377049180,0.5047318611987381703,
1.69943389735972E+15,MAMMO,146,244,59.8360655737704918,160,317,50.4731861198738170,6594,6595,273,1,4/4/2017 11:35:56 PM,0.5983606557377049180,0.5047318611987381703,
1.69943389735972E+15,MAMMO,146,244,59.8360655737704918,160,317,50.4731861198738170,6594,6595,273,1,4/5/2017 11:36:14 PM,0.5983606557377049180,0.5047318611987381703,
1.69943389735972E+15,MAMMO,146,244,59.8360655737704918,160,317,50.4731861198738170,6594,6595,273,1,4/6/2017 11:36:55 PM,0.5983606557377049180,0.5047318611987381703,
1.69943389735972E+15,MAMMO,146,243,60.0823045267489712,160,317,50.4731861198738170,6594,6595,273,1,4/7/2017 11:42:22 PM,0.6008230452674897119,0.5047318611987381703,
1.69943389735972E+15,MAMMO,145,243,59.6707818930041152,159,317,50.1577287066246057,6594,6595,273,1,4/9/2017 11:44:28 PM,0.5967078189300411522,0.5015772870662460567,
1.69943389735972E+15,MAMMO,146,243,60.0823045267489712,160,317,50.4731861198738170,6594,6595,273,1,4/10/2017 11:35:57 PM,0.6008230452674897119,0.5047318611987381703,
1.69943389735972E+15,MAMMO,146,244,59.8360655737704918,160,318,50.3144654088050314,6594,6595,273,1,4/11/2017 10:21:18 PM,0.5983606557377049180,0.5031446540880503144,
1.69943389735972E+15,MAMMO,146,241,60.5809128630705394,159,315,50.4761904761904762,6594,6595,273,1,4/12/2017 11:34:47 PM,0.6058091286307053941,0.5047619047619047619,
1.69943389735972E+15,MAMMO,147,241,60.9958506224066390,160,315,50.7936507936507937,6594,6595,273,1,4/13/2017 11:41:40 PM,0.6099585062240663900,0.5079365079365079365,
1.69943389735972E+15,MAMMO,147,241,60.9958506224066390,160,315,50.7936507936507937,6594,6595,273,1,4/14/2017 11:44:18 PM,0.6099585062240663900,0.5079365079365079365,
1.69943389735972E+15,MAMMO,147,240,61.2500000000000000,160,315,50.7936507936507937,6594,6595,273,1,4/16/2017 11:38:42 PM,0.6125000000000000000,0.5079365079365079365,
1.69943389735972E+15,MAMMO,147,240,61.2500000000000000,160,315,50.7936507936507937,6594,6595,273,1,4/17/2017 11:40:39 PM,0.6125000000000000000,0.5079365079365079365,
1.69943389735972E+15,MAMMO,147,240,61.2500000000000000,159,307,51.7915309446254072,6594,6595,273,1,4/18/2017 11:40:41 PM,0.6125000000000000000,0.5179153094462540716,
1.69943389735972E+15,MAMMO,146,239,61.0878661087866109,159,307,51.7915309446254072,6594,6595,273,1,4/19/2017 11:40:37 PM,0.6108786610878661087,0.5179153094462540716,
1.69943389735972E+15,MAMMO,146,239,61.0878661087866109,159,307,51.7915309446254072,6594,6595,273,1,4/20/2017 11:41:53 PM,0.6108786610878661087,0.5179153094462540716,
1.69943389735972E+15,MAMMO,146,239,61.0878661087866109,159,303,52.4752475247524752,6594,6595,273,1,4/21/2017 11:40:40 PM,0.6108786610878661087,0.5247524752475247524,
1.69943389735972E+15,MAMMO,145,239,60.6694560669456067,158,303,52.1452145214521452,6594,6595,273,1,4/23/2017 11:39:34 PM,0.6066945606694560669,0.5214521452145214521,
1.69943389735972E+15,MAMMO,145,240,60.4166666666666667,158,303,52.1452145214521452,6594,6595,273,1,4/24/2017 11:40:54 PM,0.6041666666666666666,0.5214521452145214521,
1.69943389735972E+15,MAMMO,145,239,60.6694560669456067,158,303,52.1452145214521452,6594,6595,273,1,4/25/2017 11:39:29 PM,0.6066945606694560669,0.5214521452145214521,
1.69943389735972E+15,MAMMO,144,239,60.2510460251046025,157,303,51.8151815181518152,6594,6595,273,1,4/26/2017 11:37:26 PM,0.6025104602510460251,0.5181518151815181518,
1.69943389735972E+15,MAMMO,144,239,60.2510460251046025,157,303,51.8151815181518152,6594,6595,273,1,4/27/2017 11:38:31 PM,0.6025104602510460251,0.5181518151815181518,
1.69943389735972E+15,MAMMO,144,239,60.2510460251046025,157,303,51.8151815181518152,6594,6595,273,1,4/28/2017 11:41:01 PM,0.6025104602510460251,0.5181518151815181518,
1.69943389735972E+15,MAMMO,143,238,60.0840336134453782,156,302,51.6556291390728477,6594,6595,273,1,4/30/2017 11:39:48 PM,0.6008403361344537815,0.5165562913907284768,
1.69943389735972E+15,MAMMO,143,238,60.0840336134453782,156,302,51.6556291390728477,6594,6595,273,1,5/1/2017 11:40:07 PM,0.6008403361344537815,0.5165562913907284768,
1.69943389735972E+15,MAMMO,143,238,60.0840336134453782,156,302,51.6556291390728477,6594,6595,273,1,5/2/2017 11:39:46 PM,0.6008403361344537815,0.5165562913907284768,
1.69943389735972E+15,MAMMO,142,236,60.1694915254237288,156,301,51.8272425249169435,6594,6595,273,1,5/3/2017 11:39:18 PM,0.6016949152542372881,0.5182724252491694352,
1.69943389735972E+15,MAMMO,142,236,60.1694915254237288,156,301,51.8272425249169435,6594,6595,273,1,5/4/2017 11:42:49 PM,0.6016949152542372881,0.5182724252491694352,
1.69943389735972E+15,MAMMO,142,237,59.9156118143459916,156,301,51.8272425249169435,6594,6595,273,1,5/5/2017 11:44:58 PM,0.5991561181434599156,0.5182724252491694352,
1.69943389735972E+15,MAMMO,141,236,59.7457627118644068,156,301,51.8272425249169435,6594,6595,273,1,5/7/2017 11:42:41 PM,0.5974576271186440677,0.5182724252491694352,
1.69943389735972E+15,MAMMO,141,236,59.7457627118644068,156,301,51.8272425249169435,6594,6595,273,1,5/8/2017 11:38:47 PM,0.5974576271186440677,0.5182724252491694352,
1.69943389735972E+15,MAMMO,140,234,59.8290598290598291,156,301,51.8272425249169435,6594,6595,273,1,5/9/2017 11:46:03 PM,0.5982905982905982905,0.5182724252491694352,
1.69943389735972E+15,MAMMO,140,234,59.8290598290598291,156,300,52.0000000000000000,6594,6595,273,1,5/10/2017 11:45:23 PM,0.5982905982905982905,0.5200000000000000000,
1.69943389735972E+15,MAMMO,140,234,59.8290598290598291,156,300,52.0000000000000000,6594,6595,273,1,5/11/2017 11:43:36 PM,0.5982905982905982905,0.5200000000000000000,
1.69943389735972E+15,MAMMO,141,235,60.0000000000000000,156,293,53.2423208191126280,6594,6595,273,1,5/13/2017 12:01:32 AM,0.6000000000000000000,0.5324232081911262798,
1.69943389735972E+15,MAMMO,141,235,60.0000000000000000,156,293,53.2423208191126280,6594,6595,273,1,5/15/2017 12:04:24 AM,0.6000000000000000000,0.5324232081911262798,
1.69943389735972E+15,MAMMO,141,235,60.0000000000000000,156,286,54.5454545454545455,6594,6595,273,1,5/16/2017 12:07:09 AM,0.6000000000000000000,0.5454545454545454545,
1.69943389735972E+15,MAMMO,141,235,60.0000000000000000,156,286,54.5454545454545455,6594,6595,273,1,5/17/2017 12:05:57 AM,0.6000000000000000000,0.5454545454545454545,
1.69943389735972E+15,MAMMO,141,235,60.0000000000000000,156,286,54.5454545454545455,6594,6595,273,1,5/18/2017 12:06:44 AM,0.6000000000000000000,0.5454545454545454545,
1.69943389735972E+15,MAMMO,144,237,60.7594936708860759,158,287,55.0522648083623693,6594,6595,273,1,5/19/2017 12:02:00 AM,0.6075949367088607594,0.5505226480836236933,
1.69943389735972E+15,MAMMO,144,239,60.2510460251046025,158,287,55.0522648083623693,6594,6595,273,1,5/20/2017 12:06:01 AM,0.6025104602510460251,0.5505226480836236933,
1.69943389735972E+15,MAMMO,142,238,59.6638655462184874,157,287,54.7038327526132404,6594,6595,273,1,5/22/2017 12:03:07 AM,0.5966386554621848739,0.5470383275261324041,
1.69943389735972E+15,MAMMO,142,240,59.1666666666666667,157,288,54.5138888888888889,6594,6595,273,1,5/23/2017 12:05:10 AM,0.5916666666666666666,0.5451388888888888888,
1.69943389735972E+15,MAMMO,142,240,59.1666666666666667,157,288,54.5138888888888889,6594,6595,273,1,5/24/2017 12:09:01 AM,0.5916666666666666666,0.5451388888888888888,
1.69943389735972E+15,MAMMO,142,240,59.1666666666666667,157,288,54.5138888888888889,6594,6595,273,1,5/25/2017 12:06:35 AM,0.5916666666666666666,0.5451388888888888888,
1.69943389735972E+15,MAMMO,142,240,59.1666666666666667,157,288,54.5138888888888889,6594,6595,273,1,5/26/2017 12:11:14 AM,0.5916666666666666666,0.5451388888888888888,
1.69943389735972E+15,MAMMO,142,239,59.4142259414225941,157,288,54.5138888888888889,6594,6595,273,1,5/27/2017 12:06:05 AM,0.5941422594142259414,0.5451388888888888888,
1.69943389735972E+15,MAMMO,143,237,60.3375527426160338,158,288,54.8611111111111111,6594,6595,273,1,5/29/2017 12:09:09 AM,0.6033755274261603375,0.5486111111111111111,
1.69943389735972E+15,MAMMO,143,237,60.3375527426160338,158,288,54.8611111111111111,6594,6595,273,1,5/30/2017 12:06:26 AM,0.6033755274261603375,0.5486111111111111111,
1.69943389735972E+15,MAMMO,143,237,60.3375527426160338,158,288,54.8611111111111111,6594,6595,273,1,5/31/2017 12:02:56 AM,0.6033755274261603375,0.5486111111111111111,
1.69943389735972E+15,MAMMO,144,238,60.5042016806722689,159,289,55.0173010380622837,6594,6595,273,1,6/1/2017 12:10:03 AM,0.6050420168067226890,0.5501730103806228373,
1.69943389735972E+15,MAMMO,144,238,60.5042016806722689,159,289,55.0173010380622837,6594,6595,273,1,6/2/2017 12:01:53 AM,0.6050420168067226890,0.5501730103806228373,
1.69943389735972E+15,MAMMO,144,238,60.5042016806722689,159,289,55.0173010380622837,6594,6595,273,1,6/3/2017 12:07:36 AM,0.6050420168067226890,0.5501730103806228373,
1.69943389735972E+15,MAMMO,144,238,60.5042016806722689,159,289,55.0173010380622837,6594,6595,273,1,6/5/2017 12:00:17 AM,0.6050420168067226890,0.5501730103806228373,
1.69943389735972E+15,MAMMO,144,238,60.5042016806722689,159,289,55.0173010380622837,6594,6595,273,1,6/6/2017 12:08:52 AM,0.6050420168067226890,0.5501730103806228373,
1.69943389735972E+15,MAMMO,144,238,60.5042016806722689,159,289,55.0173010380622837,6594,6595,273,1,6/7/2017 12:04:39 AM,0.6050420168067226890,0.5501730103806228373,
1.69943389735972E+15,MAMMO,143,237,60.3375527426160338,158,288,54.8611111111111111,6594,6595,273,1,6/8/2017 12:09:39 AM,0.6033755274261603375,0.5486111111111111111,
1.69943389735972E+15,MAMMO,142,237,59.9156118143459916,157,288,54.5138888888888889,6594,6595,273,1,6/9/2017 12:04:15 AM,0.5991561181434599156,0.5451388888888888888,
1.69943389735972E+15,MAMMO,142,239,59.4142259414225941,157,289,54.3252595155709343,6594,6595,273,1,6/10/2017 12:05:44 AM,0.5941422594142259414,0.5432525951557093425,
1.69943389735972E+15,MAMMO,142,239,59.4142259414225941,157,289,54.3252595155709343,6594,6595,273,1,6/12/2017 12:10:51 AM,0.5941422594142259414,0.5432525951557093425,
1.69943389735972E+15,MAMMO,142,239,59.4142259414225941,157,288,54.5138888888888889,6594,6595,273,1,6/13/2017 12:07:25 AM,0.5941422594142259414,0.5451388888888888888,
1.69943389735972E+15,MAMMO,141,238,59.2436974789915966,157,288,54.5138888888888889,6594,6595,273,1,6/14/2017 12:09:42 AM,0.5924369747899159663,0.5451388888888888888,
1.69943389735972E+15,MAMMO,141,237,59.4936708860759494,157,288,54.5138888888888889,6594,6595,273,1,6/15/2017 12:15:42 AM,0.5949367088607594936,0.5451388888888888888,
1.69943389735972E+15,MAMMO,141,237,59.4936708860759494,157,288,54.5138888888888889,6594,6595,273,1,6/16/2017 12:13:16 AM,0.5949367088607594936,0.5451388888888888888,
1.69943389735972E+15,MAMMO,141,237,59.4936708860759494,157,288,54.5138888888888889,6594,6595,273,1,6/17/2017 12:14:05 AM,0.5949367088607594936,0.5451388888888888888,
1.69943389735972E+15,MAMMO,141,237,59.4936708860759494,157,288,54.5138888888888889,6594,6595,273,1,6/19/2017 12:11:42 AM,0.5949367088607594936,0.5451388888888888888,
1.69943389735972E+15,MAMMO,141,237,59.4936708860759494,157,288,54.5138888888888889,6594,6595,273,1,6/20/2017 12:11:57 AM,0.5949367088607594936,0.5451388888888888888,
1.69943389735972E+15,MAMMO,141,237,59.4936708860759494,157,287,54.7038327526132404,6594,6595,273,1,6/21/2017 12:10:54 AM,0.5949367088607594936,0.5470383275261324041,
1.69943389735972E+15,MAMMO,141,237,59.4936708860759494,157,287,54.7038327526132404,6594,6595,273,1,6/22/2017 12:11:36 AM,0.5949367088607594936,0.5470383275261324041,
1.69943389735972E+15,MAMMO,142,238,59.6638655462184874,159,288,55.2083333333333333,6594,6595,273,1,6/23/2017 12:12:31 AM,0.5966386554621848739,0.5520833333333333333,
1.69943389735972E+15,MAMMO,140,237,59.0717299578059072,157,288,54.5138888888888889,6594,6595,273,1,6/24/2017 12:09:52 AM,0.5907172995780590717,0.5451388888888888888,
1.69943389735972E+15,MAMMO,139,236,58.8983050847457627,156,288,54.1666666666666667,6594,6595,273,1,6/26/2017 12:11:46 AM,0.5889830508474576271,0.5416666666666666666,
1.69943389735972E+15,MAMMO,140,237,59.0717299578059072,156,288,54.1666666666666667,6594,6595,273,1,6/27/2017 12:07:02 AM,0.5907172995780590717,0.5416666666666666666,
1.69943389735972E+15,MAMMO,140,237,59.0717299578059072,156,288,54.1666666666666667,6594,6595,273,1,6/28/2017 12:07:33 AM,0.5907172995780590717,0.5416666666666666666,
1.69943389735972E+15,MAMMO,139,237,58.6497890295358650,155,288,53.8194444444444444,6594,6595,273,1,6/29/2017 12:06:16 AM,0.5864978902953586497,0.5381944444444444444,
1.69943389735972E+15,MAMMO,141,237,59.4936708860759494,157,288,54.5138888888888889,6594,6595,273,1,6/30/2017 12:10:44 AM,0.5949367088607594936,0.5451388888888888888,
1.69943389735972E+15,MAMMO,144,238,60.5042016806722689,159,288,55.2083333333333333,6594,6595,273,1,7/1/2017 12:12:14 AM,0.6050420168067226890,0.5520833333333333333,
1.69943389735972E+15,MAMMO,144,238,60.5042016806722689,159,288,55.2083333333333333,6594,6595,273,1,7/3/2017 12:05:28 AM,0.6050420168067226890,0.5520833333333333333,
1.69943389735972E+15,MAMMO,144,238,60.5042016806722689,159,288,55.2083333333333333,6594,6595,273,1,7/4/2017 12:11:49 AM,0.6050420168067226890,0.5520833333333333333,
1.69943389735972E+15,MAMMO,144,238,60.5042016806722689,159,288,55.2083333333333333,6594,6595,273,1,7/5/2017 12:08:22 AM,0.6050420168067226890,0.5520833333333333333,
1.69943389735972E+15,MAMMO,144,238,60.5042016806722689,159,288,55.2083333333333333,6594,6595,273,1,7/6/2017 12:11:43 AM,0.6050420168067226890,0.5520833333333333333,
1.69943389735972E+15,MAMMO,144,238,60.5042016806722689,159,288,55.2083333333333333,6594,6595,273,1,7/7/2017 12:09:43 AM,0.6050420168067226890,0.5520833333333333333,
1.69943389735972E+15,MAMMO,144,238,60.5042016806722689,159,288,55.2083333333333333,6594,6595,273,1,7/8/2017 12:03:56 AM,0.6050420168067226890,0.5520833333333333333,
1.69943389735972E+15,MAMMO,143,237,60.3375527426160338,159,288,55.2083333333333333,6594,6595,273,1,7/10/2017 12:01:59 AM,0.6033755274261603375,0.5520833333333333333,
1.69943389735972E+15,MAMMO,143,237,60.3375527426160338,159,288,55.2083333333333333,6594,6595,273,1,7/11/2017 12:09:22 AM,0.6033755274261603375,0.5520833333333333333,
1.69943389735972E+15,MAMMO,143,237,60.3375527426160338,158,287,55.0522648083623693,6594,6595,273,1,7/12/2017 12:12:34 AM,0.6033755274261603375,0.5505226480836236933,
1.69943389735972E+15,MAMMO,143,237,60.3375527426160338,158,287,55.0522648083623693,6594,6595,273,1,7/13/2017 12:06:20 AM,0.6033755274261603375,0.5505226480836236933,
1.69943389735972E+15,MAMMO,144,237,60.7594936708860759,159,287,55.4006968641114983,6594,6595,273,1,7/14/2017 12:08:06 AM,0.6075949367088607594,0.5540069686411149825,
1.69943389735972E+15,MAMMO,144,237,60.7594936708860759,159,287,55.4006968641114983,6594,6595,273,1,7/15/2017 12:09:21 AM,0.6075949367088607594,0.5540069686411149825,
1.69943389735972E+15,MAMMO,144,237,60.7594936708860759,159,287,55.4006968641114983,6594,6595,273,1,7/17/2017 12:08:17 AM,0.6075949367088607594,0.5540069686411149825,
1.69943389735972E+15,MAMMO,144,237,60.7594936708860759,159,287,55.4006968641114983,6594,6595,273,1,7/18/2017 12:07:05 AM,0.6075949367088607594,0.5540069686411149825,
1.69943389735972E+15,MAMMO,144,237,60.7594936708860759,159,287,55.4006968641114983,6594,6595,273,1,7/19/2017 12:12:40 AM,0.6075949367088607594,0.5540069686411149825,
1.69943389735972E+15,MAMMO,144,237,60.7594936708860759,159,287,55.4006968641114983,6594,6595,273,1,7/20/2017 12:09:26 AM,0.6075949367088607594,0.5540069686411149825,
1.69943389735972E+15,MAMMO,144,237,60.7594936708860759,159,287,55.4006968641114983,6594,6595,273,1,7/21/2017 12:11:17 AM,0.6075949367088607594,0.5540069686411149825,
1.69943389735972E+15,MAMMO,144,237,60.7594936708860759,159,288,55.2083333333333333,6594,6595,273,1,7/22/2017 12:09:49 AM,0.6075949367088607594,0.5520833333333333333,
1.69943389735972E+15,MAMMO,144,237,60.7594936708860759,159,288,55.2083333333333333,6594,6595,273,1,7/24/2017 12:04:59 AM,0.6075949367088607594,0.5520833333333333333,
1.69943389735972E+15,MAMMO,144,237,60.7594936708860759,159,288,55.2083333333333333,6594,6595,273,1,7/25/2017 12:05:04 AM,0.6075949367088607594,0.5520833333333333333,
1.69943389735972E+15,MAMMO,146,239,61.0878661087866109,161,289,55.7093425605536332,6594,6595,273,1,7/26/2017 12:11:02 AM,0.6108786610878661087,0.5570934256055363321,
1.69943389735972E+15,MAMMO,146,238,61.3445378151260504,161,289,55.7093425605536332,6594,6595,273,1,7/27/2017 12:06:39 AM,0.6134453781512605042,0.5570934256055363321,
1.69943389735972E+15,MAMMO,145,238,60.9243697478991597,160,289,55.3633217993079585,6594,6595,273,1,7/28/2017 12:06:03 AM,0.6092436974789915966,0.5536332179930795847,
1.69943389735972E+15,MAMMO,145,238,60.9243697478991597,160,289,55.3633217993079585,6594,6595,273,1,7/29/2017 12:08:43 AM,0.6092436974789915966,0.5536332179930795847,
1.69943389735972E+15,MAMMO,145,238,60.9243697478991597,160,290,55.1724137931034483,6594,6595,273,1,7/31/2017 12:06:55 AM,0.6092436974789915966,0.5517241379310344827,
1.69943389735972E+15,MAMMO,144,237,60.7594936708860759,159,289,55.0173010380622837,6594,6595,273,1,8/1/2017 12:07:18 AM,0.6075949367088607594,0.5501730103806228373,
1.69943389735972E+15,MAMMO,159,283,56.1837455830388693,160,289,55.3633217993079585,6594,6595,273,1,8/2/2017 12:10:43 AM,0.5618374558303886925,0.5536332179930795847,
1.69943389735972E+15,MAMMO,159,283,56.1837455830388693,160,289,55.3633217993079585,6594,6595,273,1,8/3/2017 12:09:38 AM,0.5618374558303886925,0.5536332179930795847,
1.69943389735972E+15,MAMMO,159,283,56.1837455830388693,160,289,55.3633217993079585,6594,6595,273,1,8/4/2017 12:10:05 AM,0.5618374558303886925,0.5536332179930795847,
1.69943389735972E+15,MAMMO,159,283,56.1837455830388693,160,289,55.3633217993079585,6594,6595,273,1,8/5/2017 12:11:23 AM,0.5618374558303886925,0.5536332179930795847,
1.69943389735972E+15,MAMMO,159,283,56.1837455830388693,160,289,55.3633217993079585,6594,6595,273,1,8/7/2017 12:07:31 AM,0.5618374558303886925,0.5536332179930795847,
1.69943389735972E+15,MAMMO,159,283,56.1837455830388693,160,289,55.3633217993079585,6594,6595,273,1,8/8/2017 12:10:18 AM,0.5618374558303886925,0.5536332179930795847,
1.69943389735972E+15,MAMMO,160,284,56.3380281690140845,161,290,55.5172413793103448,6594,6595,273,1,8/9/2017 12:15:24 AM,0.5633802816901408450,0.5551724137931034482,
1.69943389735972E+15,MAMMO,160,284,56.3380281690140845,161,290,55.5172413793103448,6594,6595,273,1,8/10/2017 12:10:41 AM,0.5633802816901408450,0.5551724137931034482,
1.69943389735972E+15,MAMMO,160,284,56.3380281690140845,161,290,55.5172413793103448,6594,6595,273,1,8/11/2017 12:06:11 AM,0.5633802816901408450,0.5551724137931034482,
1.69943389735972E+15,MAMMO,159,283,56.1837455830388693,160,289,55.3633217993079585,6594,6595,273,1,8/12/2017 12:10:45 AM,0.5618374558303886925,0.5536332179930795847,
1.69943389735972E+15,MAMMO,159,283,56.1837455830388693,160,289,55.3633217993079585,6594,6595,273,1,8/14/2017 12:08:57 AM,0.5618374558303886925,0.5536332179930795847,
1.69943389735972E+15,MAMMO,159,283,56.1837455830388693,160,289,55.3633217993079585,6594,6595,273,1,8/15/2017 12:09:56 AM,0.5618374558303886925,0.5536332179930795847,
1.69943389735972E+15,MAMMO,159,283,56.1837455830388693,160,289,55.3633217993079585,6594,6595,273,1,8/16/2017 12:12:08 AM,0.5618374558303886925,0.5536332179930795847,
1.69943389735972E+15,MAMMO,159,283,56.1837455830388693,160,289,55.3633217993079585,6594,6595,273,1,8/17/2017 12:11:39 AM,0.5618374558303886925,0.5536332179930795847,
1.69943389735972E+15,MAMMO,159,283,56.1837455830388693,160,289,55.3633217993079585,6594,6595,273,1,8/18/2017 12:10:02 AM,0.5618374558303886925,0.5536332179930795847,
1.69943389735972E+15,MAMMO,160,284,56.3380281690140845,161,290,55.5172413793103448,6594,6595,273,1,8/19/2017 12:09:44 AM,0.5633802816901408450,0.5551724137931034482,
1.69943389735972E+15,MAMMO,160,284,56.3380281690140845,161,290,55.5172413793103448,6594,6595,273,1,8/21/2017 12:07:48 AM,0.5633802816901408450,0.5551724137931034482,
1.69943389735972E+15,MAMMO,159,283,56.1837455830388693,160,289,55.3633217993079585,6594,6595,273,1,8/22/2017 12:08:03 AM,0.5618374558303886925,0.5536332179930795847,
1.69943389735972E+15,MAMMO,159,283,56.1837455830388693,160,289,55.3633217993079585,6594,6595,273,1,8/23/2017 12:12:19 AM,0.5618374558303886925,0.5536332179930795847,
1.69943389735972E+15,MAMMO,159,283,56.1837455830388693,160,289,55.3633217993079585,6594,6595,273,1,8/24/2017 12:07:55 AM,0.5618374558303886925,0.5536332179930795847,
1.69943389735972E+15,MAMMO,159,283,56.1837455830388693,160,289,55.3633217993079585,6594,6595,273,1,8/25/2017 12:12:20 AM,0.5618374558303886925,0.5536332179930795847,
1.69943389735972E+15,MAMMO,160,283,56.5371024734982332,161,289,55.7093425605536332,6594,6595,273,1,8/26/2017 12:13:10 AM,0.5653710247349823321,0.5570934256055363321,
1.69943389735972E+15,MAMMO,160,283,56.5371024734982332,161,289,55.7093425605536332,6594,6595,273,1,8/28/2017 12:08:51 AM,0.5653710247349823321,0.5570934256055363321,
1.69943389735972E+15,MAMMO,160,283,56.5371024734982332,161,289,55.7093425605536332,6594,6595,273,1,8/29/2017 12:09:06 AM,0.5653710247349823321,0.5570934256055363321,
1.69943389735972E+15,MAMMO,160,283,56.5371024734982332,161,289,55.7093425605536332,6594,6595,273,1,8/30/2017 12:09:04 AM,0.5653710247349823321,0.5570934256055363321,
1.69943389735972E+15,MAMMO,160,283,56.5371024734982332,161,289,55.7093425605536332,6594,6595,273,1,8/31/2017 12:11:56 AM,0.5653710247349823321,0.5570934256055363321,
1.69943389735972E+15,MAMMO,160,283,56.5371024734982332,161,289,55.7093425605536332,6594,6595,273,1,9/1/2017 12:10:02 AM,0.5653710247349823321,0.5570934256055363321,
1.69943389735972E+15,MAMMO,160,283,56.5371024734982332,161,289,55.7093425605536332,6594,6595,273,1,9/2/2017 12:10:29 AM,0.5653710247349823321,0.5570934256055363321,
1.69943389735972E+15,MAMMO,159,283,56.1837455830388693,160,289,55.3633217993079585,6594,6595,273,1,9/4/2017 12:11:54 AM,0.5618374558303886925,0.5536332179930795847,
1.69943389735972E+15,MAMMO,159,283,56.1837455830388693,160,289,55.3633217993079585,6594,6595,273,1,9/5/2017 12:08:30 AM,0.5618374558303886925,0.5536332179930795847,
1.69943389735972E+15,MAMMO,159,283,56.1837455830388693,160,289,55.3633217993079585,6594,6595,273,1,9/6/2017 12:11:17 AM,0.5618374558303886925,0.5536332179930795847,
1.69943389735972E+15,MAMMO,159,283,56.1837455830388693,160,289,55.3633217993079585,6594,6595,273,1,9/7/2017 12:09:07 AM,0.5618374558303886925,0.5536332179930795847,
1.69943389735972E+15,MAMMO,159,283,56.1837455830388693,160,289,55.3633217993079585,6594,6595,273,1,9/8/2017 12:12:30 AM,0.5618374558303886925,0.5536332179930795847,
1.69943389735972E+15,MAMMO,159,283,56.1837455830388693,160,289,55.3633217993079585,6594,6595,273,1,9/9/2017 12:10:25 AM,0.5618374558303886925,0.5536332179930795847,
1.69943389735972E+15,MAMMO,160,283,56.5371024734982332,161,289,55.7093425605536332,6594,6595,273,1,9/11/2017 12:11:03 AM,0.5653710247349823321,0.5570934256055363321,
1.69943389735972E+15,MAMMO,159,282,56.3829787234042553,161,289,55.7093425605536332,6594,6595,273,1,9/12/2017 12:12:19 AM,0.5638297872340425531,0.5570934256055363321,
1.69943389735972E+15,MAMMO,161,283,56.8904593639575972,162,289,56.0553633217993080,6594,6595,273,1,9/13/2017 12:11:48 AM,0.5689045936395759717,0.5605536332179930795,
1.69943389735972E+15,MAMMO,161,283,56.8904593639575972,162,289,56.0553633217993080,6594,6595,273,1,9/14/2017 12:12:28 AM,0.5689045936395759717,0.5605536332179930795,
1.69943389735972E+15,MAMMO,162,283,57.2438162544169611,163,289,56.4013840830449827,6594,6595,273,1,9/15/2017 12:13:48 AM,0.5724381625441696113,0.5640138408304498269,
1.69943389735972E+15,MAMMO,162,283,57.2438162544169611,163,289,56.4013840830449827,6594,6595,273,1,9/16/2017 12:15:21 AM,0.5724381625441696113,0.5640138408304498269,
1.69943389735972E+15,MAMMO,,,,164,292,56.1643835616438356,6594,6595,273,1,9/18/2017 10:19:04 PM,,0.5616438356164383561,
1.69943389735972E+15,MAMMO,162,283,57.2438162544169611,163,289,56.4013840830449827,6594,6595,273,1,9/20/2017 12:04:57 AM,0.5724381625441696113,0.5640138408304498269,
1.69943389735972E+15,MAMMO,162,282,57.4468085106382979,163,288,56.5972222222222222,6594,6595,273,1,9/21/2017 12:06:39 AM,0.5744680851063829787,0.5659722222222222222,
1.69943389735972E+15,MAMMO,163,282,57.8014184397163121,164,288,56.9444444444444444,6594,6595,273,1,9/22/2017 12:13:39 AM,0.5780141843971631205,0.5694444444444444444,
1.69943389735972E+15,MAMMO,163,280,58.2142857142857143,164,286,57.3426573426573427,6594,6595,273,1,9/23/2017 12:15:34 AM,0.5821428571428571428,0.5734265734265734265,
1.69943389735972E+15,MAMMO,163,280,58.2142857142857143,164,286,57.3426573426573427,6594,6595,273,1,9/25/2017 12:15:53 AM,0.5821428571428571428,0.5734265734265734265,
1.69943389735972E+15,MAMMO,164,280,58.5714285714285714,165,286,57.6923076923076923,6594,6595,273,1,9/26/2017 12:16:21 AM,0.5857142857142857142,0.5769230769230769230,
1.69943389735972E+15,MAMMO,164,280,58.5714285714285714,165,286,57.6923076923076923,6594,6595,273,1,9/27/2017 12:15:46 AM,0.5857142857142857142,0.5769230769230769230,
1.69943389735972E+15,MAMMO,165,280,58.9285714285714286,166,286,58.0419580419580420,6594,6595,273,1,9/28/2017 12:07:16 AM,0.5892857142857142857,0.5804195804195804195,
1.69943389735972E+15,MAMMO,165,280,58.9285714285714286,166,286,58.0419580419580420,6594,6595,273,1,9/29/2017 12:12:04 AM,0.5892857142857142857,0.5804195804195804195,
1.69943389735972E+15,MAMMO,165,279,59.1397849462365591,166,286,58.0419580419580420,6594,6595,273,1,9/30/2017 12:12:04 AM,0.5913978494623655913,0.5804195804195804195,
1.69943389735972E+15,MAMMO,164,278,58.9928057553956835,165,285,57.8947368421052632,6594,6595,273,1,10/2/2017 12:15:28 AM,0.5899280575539568345,0.5789473684210526315,
1.69943389735972E+15,MAMMO,163,277,58.8447653429602888,164,284,57.7464788732394366,6594,6595,273,1,10/3/2017 12:11:24 AM,0.5884476534296028880,0.5774647887323943661,
1.69943389735972E+15,MAMMO,163,277,58.8447653429602888,164,284,57.7464788732394366,6594,6595,273,1,10/4/2017 12:10:39 AM,0.5884476534296028880,0.5774647887323943661,
1.69943389735972E+15,MAMMO,162,277,58.4837545126353791,163,283,57.5971731448763251,6594,6595,273,1,10/5/2017 12:13:09 AM,0.5848375451263537906,0.5759717314487632508,
1.69943389735972E+15,MAMMO,162,277,58.4837545126353791,163,283,57.5971731448763251,6594,6595,273,1,10/6/2017 12:16:42 AM,0.5848375451263537906,0.5759717314487632508,
1.69943389735972E+15,MAMMO,162,277,58.4837545126353791,163,282,57.8014184397163121,6594,6595,273,1,10/7/2017 12:15:55 AM,0.5848375451263537906,0.5780141843971631205,
1.69943389735972E+15,MAMMO,162,277,58.4837545126353791,163,282,57.8014184397163121,6594,6595,273,1,10/9/2017 12:14:22 AM,0.5848375451263537906,0.5780141843971631205,
1.69943389735972E+15,MAMMO,162,277,58.4837545126353791,163,282,57.8014184397163121,6594,6595,273,1,10/10/2017 12:13:20 AM,0.5848375451263537906,0.5780141843971631205,
1.69943389735972E+15,MAMMO,162,276,58.6956521739130435,163,281,58.0071174377224199,6594,6595,273,1,10/11/2017 12:15:22 AM,0.5869565217391304347,0.5800711743772241992,
1.69943389735972E+15,MAMMO,162,276,58.6956521739130435,163,281,58.0071174377224199,6594,6595,273,1,10/12/2017 12:18:08 AM,0.5869565217391304347,0.5800711743772241992,
1.69943389735972E+15,MAMMO,161,276,58.3333333333333333,162,281,57.6512455516014235,6594,6595,273,1,10/13/2017 12:23:19 AM,0.5833333333333333333,0.5765124555160142348,
1.69943389735972E+15,MAMMO,161,274,58.7591240875912409,162,279,58.0645161290322581,6594,6595,273,1,10/14/2017 12:18:12 AM,0.5875912408759124087,0.5806451612903225806,
1.69943389735972E+15,MAMMO,161,273,58.9743589743589744,162,278,58.2733812949640288,6594,6595,273,1,10/18/2017 1:25:51 PM,0.5897435897435897435,0.5827338129496402877,
1.69943389735972E+15,MAMMO,161,273,58.9743589743589744,162,278,58.2733812949640288,6594,6595,273,1,10/20/2017 12:09:52 AM,0.5897435897435897435,0.5827338129496402877,
1.69943389735972E+15,MAMMO,161,273,58.9743589743589744,162,278,58.2733812949640288,6594,6595,273,1,10/21/2017 12:09:48 AM,0.5897435897435897435,0.5827338129496402877,
1.69943389735972E+15,MAMMO,162,273,59.3406593406593407,163,278,58.6330935251798561,6594,6595,273,1,10/23/2017 12:09:55 AM,0.5934065934065934065,0.5863309352517985611,
1.69943389735972E+15,MAMMO,162,273,59.3406593406593407,163,278,58.6330935251798561,6594,6595,273,1,10/24/2017 12:11:24 AM,0.5934065934065934065,0.5863309352517985611,
1.69943389735972E+15,MAMMO,162,273,59.3406593406593407,163,278,58.6330935251798561,6594,6595,273,1,10/25/2017 12:10:17 AM,0.5934065934065934065,0.5863309352517985611,
1.69943389735972E+15,MAMMO,163,273,59.7069597069597070,164,278,58.9928057553956835,6594,6595,273,1,10/26/2017 12:08:01 AM,0.5970695970695970695,0.5899280575539568345,
1.69943389735972E+15,MAMMO,164,273,60.0732600732600733,165,278,59.3525179856115108,6594,6595,273,1,10/27/2017 12:11:14 AM,0.6007326007326007326,0.5935251798561151079,
1.69943389735972E+15,MAMMO,165,273,60.4395604395604396,166,278,59.7122302158273381,6594,6595,273,1,10/28/2017 12:11:22 AM,0.6043956043956043956,0.5971223021582733812,
1.69943389735972E+15,MAMMO,166,273,60.8058608058608059,167,278,60.0719424460431655,6594,6595,273,1,10/30/2017 12:10:13 AM,0.6080586080586080586,0.6007194244604316546,
1.69943389735972E+15,MAMMO,166,274,60.5839416058394161,167,279,59.8566308243727599,6594,6595,273,1,10/31/2017 12:11:03 AM,0.6058394160583941605,0.5985663082437275985,
1.69943389735972E+15,PAP,84,302,27.8145695364238411,97,444,21.8468468468468468,6598,6599,273,1,1/1/2017 11:43:26 PM,0.2781456953642384105,0.2184684684684684684,
1.69943389735972E+15,PAP,84,303,27.7227722772277228,97,444,21.8468468468468468,6598,6599,273,1,1/2/2017 11:45:04 PM,0.2772277227722772277,0.2184684684684684684,
1.69943389735972E+15,PAP,83,301,27.5747508305647841,97,444,21.8468468468468468,6598,6599,273,1,1/3/2017 11:39:45 PM,0.2757475083056478405,0.2184684684684684684,
1.69943389735972E+15,PAP,84,301,27.9069767441860465,98,444,22.0720720720720721,6598,6599,273,1,1/4/2017 11:37:55 PM,0.2790697674418604651,0.2207207207207207207,
1.69943389735972E+15,PAP,84,301,27.9069767441860465,98,444,22.0720720720720721,6598,6599,273,1,1/5/2017 11:43:39 PM,0.2790697674418604651,0.2207207207207207207,
1.69943389735972E+15,PAP,83,300,27.6666666666666667,97,443,21.8961625282167043,6598,6599,273,1,1/6/2017 11:43:33 PM,0.2766666666666666666,0.2189616252821670428,
1.69943389735972E+15,PAP,83,300,27.6666666666666667,97,443,21.8961625282167043,6598,6599,273,1,1/8/2017 11:43:28 PM,0.2766666666666666666,0.2189616252821670428,
1.69943389735972E+15,PAP,84,300,28.0000000000000000,98,443,22.1218961625282167,6598,6599,273,1,1/9/2017 11:42:54 PM,0.2800000000000000000,0.2212189616252821670,
1.69943389735972E+15,PAP,84,301,27.9069767441860465,98,443,22.1218961625282167,6598,6599,273,1,1/10/2017 11:46:59 PM,0.2790697674418604651,0.2212189616252821670,
1.69943389735972E+15,PAP,84,300,28.0000000000000000,98,443,22.1218961625282167,6598,6599,273,1,1/11/2017 11:42:09 PM,0.2800000000000000000,0.2212189616252821670,
1.69943389735972E+15,PAP,84,300,28.0000000000000000,98,443,22.1218961625282167,6598,6599,273,1,1/12/2017 11:42:47 PM,0.2800000000000000000,0.2212189616252821670,
1.69943389735972E+15,PAP,85,298,28.5234899328859060,99,441,22.4489795918367347,6598,6599,273,1,1/13/2017 11:45:43 PM,0.2852348993288590604,0.2244897959183673469,
1.69943389735972E+15,PAP,84,296,28.3783783783783784,99,441,22.4489795918367347,6598,6599,273,1,1/15/2017 11:47:58 PM,0.2837837837837837837,0.2244897959183673469,
1.69943389735972E+15,PAP,84,296,28.3783783783783784,99,441,22.4489795918367347,6598,6599,273,1,1/16/2017 11:40:23 PM,0.2837837837837837837,0.2244897959183673469,
1.69943389735972E+15,PAP,86,297,28.9562289562289562,100,440,22.7272727272727273,6598,6599,273,1,1/17/2017 11:45:06 PM,0.2895622895622895622,0.2272727272727272727,
1.69943389735972E+15,PAP,86,295,29.1525423728813559,100,441,22.6757369614512472,6598,6599,273,1,1/18/2017 11:44:46 PM,0.2915254237288135593,0.2267573696145124716,
1.69943389735972E+15,PAP,86,295,29.1525423728813559,100,441,22.6757369614512472,6598,6599,273,1,1/19/2017 11:41:35 PM,0.2915254237288135593,0.2267573696145124716,
1.69943389735972E+15,PAP,86,295,29.1525423728813559,100,441,22.6757369614512472,6598,6599,273,1,1/20/2017 11:45:40 PM,0.2915254237288135593,0.2267573696145124716,
1.69943389735972E+15,PAP,86,295,29.1525423728813559,100,441,22.6757369614512472,6598,6599,273,1,1/22/2017 11:36:47 PM,0.2915254237288135593,0.2267573696145124716,
1.69943389735972E+15,PAP,87,294,29.5918367346938776,101,439,23.0068337129840547,6598,6599,273,1,1/23/2017 11:38:50 PM,0.2959183673469387755,0.2300683371298405466,
1.69943389735972E+15,PAP,87,292,29.7945205479452055,101,437,23.1121281464530892,6598,6599,273,1,1/24/2017 11:36:28 PM,0.2979452054794520547,0.2311212814645308924,
1.69943389735972E+15,PAP,87,292,29.7945205479452055,101,437,23.1121281464530892,6598,6599,273,1,1/25/2017 11:44:44 PM,0.2979452054794520547,0.2311212814645308924,
1.69943389735972E+15,PAP,87,292,29.7945205479452055,101,437,23.1121281464530892,6598,6599,273,1,1/26/2017 11:44:12 PM,0.2979452054794520547,0.2311212814645308924,
1.69943389735972E+15,PAP,86,291,29.5532646048109966,100,436,22.9357798165137615,6598,6599,273,1,1/27/2017 11:41:06 PM,0.2955326460481099656,0.2293577981651376146,
1.69943389735972E+15,PAP,86,291,29.5532646048109966,100,436,22.9357798165137615,6598,6599,273,1,1/29/2017 11:42:57 PM,0.2955326460481099656,0.2293577981651376146,
1.69943389735972E+15,PAP,86,291,29.5532646048109966,100,436,22.9357798165137615,6598,6599,273,1,1/30/2017 11:45:41 PM,0.2955326460481099656,0.2293577981651376146,
1.69943389735972E+15,PAP,86,289,29.7577854671280277,101,435,23.2183908045977011,6598,6599,273,1,1/31/2017 11:48:28 PM,0.2975778546712802768,0.2321839080459770114,
1.69943389735972E+15,PAP,86,288,29.8611111111111111,101,435,23.2183908045977011,6598,6599,273,1,2/1/2017 11:48:27 PM,0.2986111111111111111,0.2321839080459770114,
1.69943389735972E+15,PAP,86,288,29.8611111111111111,101,435,23.2183908045977011,6598,6599,273,1,2/2/2017 11:45:50 PM,0.2986111111111111111,0.2321839080459770114,
1.69943389735972E+15,PAP,86,287,29.9651567944250871,101,435,23.2183908045977011,6598,6599,273,1,2/3/2017 11:41:11 PM,0.2996515679442508710,0.2321839080459770114,
1.69943389735972E+15,PAP,86,287,29.9651567944250871,101,435,23.2183908045977011,6598,6599,273,1,2/5/2017 11:40:38 PM,0.2996515679442508710,0.2321839080459770114,
1.69943389735972E+15,PAP,86,287,29.9651567944250871,101,435,23.2183908045977011,6598,6599,273,1,2/6/2017 11:38:17 PM,0.2996515679442508710,0.2321839080459770114,
1.69943389735972E+15,PAP,86,287,29.9651567944250871,101,435,23.2183908045977011,6598,6599,273,1,2/7/2017 11:37:49 PM,0.2996515679442508710,0.2321839080459770114,
1.69943389735972E+15,PAP,86,287,29.9651567944250871,101,435,23.2183908045977011,6598,6599,273,1,2/8/2017 11:43:10 PM,0.2996515679442508710,0.2321839080459770114,
1.69943389735972E+15,PAP,87,287,30.3135888501742160,102,435,23.4482758620689655,6598,6599,273,1,2/9/2017 11:46:11 PM,0.3031358885017421602,0.2344827586206896551,
1.69943389735972E+15,PAP,87,284,30.6338028169014085,101,431,23.4338747099767981,6598,6599,273,1,2/10/2017 11:40:23 PM,0.3063380281690140845,0.2343387470997679814,
1.69943389735972E+15,PAP,87,284,30.6338028169014085,101,431,23.4338747099767981,6598,6599,273,1,2/12/2017 11:46:20 PM,0.3063380281690140845,0.2343387470997679814,
1.69943389735972E+15,PAP,87,284,30.6338028169014085,101,431,23.4338747099767981,6598,6599,273,1,2/13/2017 11:40:45 PM,0.3063380281690140845,0.2343387470997679814,
1.69943389735972E+15,PAP,87,284,30.6338028169014085,101,431,23.4338747099767981,6598,6599,273,1,2/14/2017 11:42:22 PM,0.3063380281690140845,0.2343387470997679814,
1.69943389735972E+15,PAP,87,281,30.9608540925266904,101,429,23.5431235431235431,6598,6599,273,1,2/15/2017 11:38:16 PM,0.3096085409252669039,0.2354312354312354312,
1.69943389735972E+15,PAP,87,280,31.0714285714285714,101,428,23.5981308411214953,6598,6599,273,1,2/16/2017 11:41:05 PM,0.3107142857142857142,0.2359813084112149532,
1.69943389735972E+15,PAP,87,278,31.2949640287769784,101,426,23.7089201877934272,6598,6599,273,1,2/17/2017 11:38:43 PM,0.3129496402877697841,0.2370892018779342723,
1.69943389735972E+15,PAP,87,277,31.4079422382671480,101,426,23.7089201877934272,6598,6599,273,1,2/19/2017 11:40:48 PM,0.3140794223826714801,0.2370892018779342723,
1.69943389735972E+15,PAP,87,276,31.5217391304347826,101,425,23.7647058823529412,6598,6599,273,1,2/20/2017 11:43:58 PM,0.3152173913043478260,0.2376470588235294117,
1.69943389735972E+15,PAP,87,275,31.6363636363636364,101,424,23.8207547169811321,6598,6599,273,1,2/21/2017 11:42:51 PM,0.3163636363636363636,0.2382075471698113207,
1.69943389735972E+15,PAP,87,275,31.6363636363636364,101,424,23.8207547169811321,6598,6599,273,1,2/22/2017 11:44:53 PM,0.3163636363636363636,0.2382075471698113207,
1.69943389735972E+15,PAP,88,250,35.2000000000000000,102,400,25.5000000000000000,6598,6599,273,1,2/23/2017 11:39:59 PM,0.3520000000000000000,0.2550000000000000000,
1.69943389735972E+15,PAP,88,249,35.3413654618473896,102,398,25.6281407035175879,6598,6599,273,1,2/24/2017 11:41:18 PM,0.3534136546184738955,0.2562814070351758793,
1.69943389735972E+15,PAP,88,248,35.4838709677419355,102,398,25.6281407035175879,6598,6599,273,1,2/26/2017 11:43:27 PM,0.3548387096774193548,0.2562814070351758793,
1.69943389735972E+15,PAP,88,247,35.6275303643724696,102,397,25.6926952141057935,6598,6599,273,1,2/27/2017 11:38:50 PM,0.3562753036437246963,0.2569269521410579345,
1.69943389735972E+15,PAP,88,247,35.6275303643724696,102,397,25.6926952141057935,6598,6599,273,1,2/28/2017 11:44:00 PM,0.3562753036437246963,0.2569269521410579345,
1.69943389735972E+15,PAP,88,247,35.6275303643724696,102,397,25.6926952141057935,6598,6599,273,1,3/1/2017 11:35:45 PM,0.3562753036437246963,0.2569269521410579345,
1.69943389735972E+15,PAP,87,247,35.2226720647773279,101,397,25.4408060453400504,6598,6599,273,1,3/2/2017 11:46:17 PM,0.3522267206477732793,0.2544080604534005037,
1.69943389735972E+15,PAP,88,245,35.9183673469387755,102,396,25.7575757575757576,6598,6599,273,1,3/3/2017 11:37:56 PM,0.3591836734693877551,0.2575757575757575757,
1.69943389735972E+15,PAP,88,242,36.3636363636363636,102,395,25.8227848101265823,6598,6599,273,1,3/5/2017 11:42:06 PM,0.3636363636363636363,0.2582278481012658227,
1.69943389735972E+15,PAP,89,243,36.6255144032921811,103,395,26.0759493670886076,6598,6599,273,1,3/6/2017 11:38:58 PM,0.3662551440329218106,0.2607594936708860759,
1.69943389735972E+15,PAP,90,242,37.1900826446280992,104,395,26.3291139240506329,6598,6599,273,1,3/8/2017 4:25:29 AM,0.3719008264462809917,0.2632911392405063291,
1.69943389735972E+15,PAP,90,242,37.1900826446280992,104,395,26.3291139240506329,6598,6599,273,1,3/8/2017 11:39:25 PM,0.3719008264462809917,0.2632911392405063291,
1.69943389735972E+15,PAP,90,244,36.8852459016393443,104,395,26.3291139240506329,6598,6599,273,1,3/9/2017 11:42:54 PM,0.3688524590163934426,0.2632911392405063291,
1.69943389735972E+15,PAP,91,245,37.1428571428571429,105,395,26.5822784810126582,6598,6599,273,1,3/10/2017 11:38:28 PM,0.3714285714285714285,0.2658227848101265822,
1.69943389735972E+15,PAP,91,243,37.4485596707818930,105,395,26.5822784810126582,6598,6599,273,1,3/12/2017 11:37:24 PM,0.3744855967078189300,0.2658227848101265822,
1.69943389735972E+15,PAP,92,242,38.0165289256198347,106,394,26.9035532994923858,6598,6599,273,1,3/13/2017 11:34:40 PM,0.3801652892561983471,0.2690355329949238578,
1.69943389735972E+15,PAP,91,241,37.7593360995850622,105,394,26.6497461928934010,6598,6599,273,1,3/14/2017 11:42:20 PM,0.3775933609958506224,0.2664974619289340101,
1.69943389735972E+15,PAP,91,241,37.7593360995850622,105,387,27.1317829457364341,6598,6599,273,1,3/15/2017 11:41:49 PM,0.3775933609958506224,0.2713178294573643410,
1.69943389735972E+15,PAP,91,241,37.7593360995850622,105,387,27.1317829457364341,6598,6599,273,1,3/16/2017 11:41:45 PM,0.3775933609958506224,0.2713178294573643410,
1.69943389735972E+15,PAP,91,242,37.6033057851239669,105,381,27.5590551181102362,6598,6599,273,1,3/17/2017 11:39:46 PM,0.3760330578512396694,0.2755905511811023622,
1.69943389735972E+15,PAP,91,240,37.9166666666666667,105,381,27.5590551181102362,6598,6599,273,1,3/19/2017 11:44:38 PM,0.3791666666666666666,0.2755905511811023622,
1.69943389735972E+15,PAP,93,241,38.5892116182572614,107,380,28.1578947368421053,6598,6599,273,1,3/20/2017 11:43:25 PM,0.3858921161825726141,0.2815789473684210526,
1.69943389735972E+15,PAP,93,239,38.9121338912133891,107,378,28.3068783068783069,6598,6599,273,1,3/21/2017 11:38:49 PM,0.3891213389121338912,0.2830687830687830687,
1.69943389735972E+15,PAP,93,239,38.9121338912133891,107,378,28.3068783068783069,6598,6599,273,1,3/22/2017 11:43:59 PM,0.3891213389121338912,0.2830687830687830687,
1.69943389735972E+15,PAP,93,240,38.7500000000000000,107,377,28.3819628647214854,6598,6599,273,1,3/23/2017 11:41:39 PM,0.3875000000000000000,0.2838196286472148541,
1.69943389735972E+15,PAP,92,242,38.0165289256198347,106,377,28.1167108753315650,6598,6599,273,1,3/24/2017 11:42:02 PM,0.3801652892561983471,0.2811671087533156498,
1.69943389735972E+15,PAP,92,241,38.1742738589211618,106,377,28.1167108753315650,6598,6599,273,1,3/26/2017 11:41:11 PM,0.3817427385892116182,0.2811671087533156498,
1.69943389735972E+15,PAP,92,243,37.8600823045267490,106,377,28.1167108753315650,6598,6599,273,1,3/27/2017 11:38:44 PM,0.3786008230452674897,0.2811671087533156498,
1.69943389735972E+15,PAP,92,241,38.1742738589211618,106,377,28.1167108753315650,6598,6599,273,1,3/28/2017 11:37:12 PM,0.3817427385892116182,0.2811671087533156498,
1.69943389735972E+15,PAP,90,239,37.6569037656903766,105,376,27.9255319148936170,6598,6599,273,1,3/29/2017 11:36:03 PM,0.3765690376569037656,0.2792553191489361702,
1.69943389735972E+15,PAP,90,239,37.6569037656903766,105,376,27.9255319148936170,6598,6599,273,1,3/30/2017 11:43:46 PM,0.3765690376569037656,0.2792553191489361702,
1.69943389735972E+15,PAP,90,239,37.6569037656903766,105,375,28.0000000000000000,6598,6599,273,1,3/31/2017 11:45:47 PM,0.3765690376569037656,0.2800000000000000000,
1.69943389735972E+15,PAP,90,239,37.6569037656903766,105,375,28.0000000000000000,6598,6599,273,1,4/2/2017 11:38:21 PM,0.3765690376569037656,0.2800000000000000000,
1.69943389735972E+15,PAP,90,239,37.6569037656903766,105,375,28.0000000000000000,6598,6599,273,1,4/3/2017 11:41:21 PM,0.3765690376569037656,0.2800000000000000000,
1.69943389735972E+15,PAP,90,239,37.6569037656903766,105,375,28.0000000000000000,6598,6599,273,1,4/4/2017 11:36:04 PM,0.3765690376569037656,0.2800000000000000000,
1.69943389735972E+15,PAP,90,239,37.6569037656903766,105,375,28.0000000000000000,6598,6599,273,1,4/5/2017 11:36:22 PM,0.3765690376569037656,0.2800000000000000000,
1.69943389735972E+15,PAP,90,239,37.6569037656903766,105,375,28.0000000000000000,6598,6599,273,1,4/6/2017 11:37:03 PM,0.3765690376569037656,0.2800000000000000000,
1.69943389735972E+15,PAP,89,238,37.3949579831932773,104,375,27.7333333333333333,6598,6599,273,1,4/7/2017 11:42:30 PM,0.3739495798319327731,0.2773333333333333333,
1.69943389735972E+15,PAP,95,238,39.9159663865546218,112,375,29.8666666666666667,6598,6599,273,1,4/9/2017 11:44:36 PM,0.3991596638655462184,0.2986666666666666666,
1.69943389735972E+15,PAP,96,238,40.3361344537815126,113,375,30.1333333333333333,6598,6599,273,1,4/10/2017 11:36:05 PM,0.4033613445378151260,0.3013333333333333333,
1.69943389735972E+15,PAP,98,296,33.1081081081081081,115,446,25.7847533632286996,6598,6599,273,1,4/11/2017 10:21:25 PM,0.3310810810810810810,0.2578475336322869955,
1.69943389735972E+15,PAP,97,238,40.7563025210084034,114,376,30.3191489361702128,6598,6599,273,1,4/12/2017 11:34:55 PM,0.4075630252100840336,0.3031914893617021276,
1.69943389735972E+15,PAP,99,238,41.5966386554621849,116,376,30.8510638297872340,6598,6599,273,1,4/13/2017 11:41:48 PM,0.4159663865546218487,0.3085106382978723404,
1.69943389735972E+15,PAP,99,238,41.5966386554621849,116,376,30.8510638297872340,6598,6599,273,1,4/14/2017 11:44:26 PM,0.4159663865546218487,0.3085106382978723404,
1.69943389735972E+15,PAP,99,238,41.5966386554621849,116,376,30.8510638297872340,6598,6599,273,1,4/16/2017 11:38:50 PM,0.4159663865546218487,0.3085106382978723404,
1.69943389735972E+15,PAP,100,283,35.3356890459363958,117,433,27.0207852193995381,6598,6599,273,1,4/17/2017 11:40:47 PM,0.3533568904593639575,0.2702078521939953810,
1.69943389735972E+15,PAP,100,282,35.4609929078014184,116,413,28.0871670702179177,6598,6599,273,1,4/18/2017 11:40:49 PM,0.3546099290780141843,0.2808716707021791767,
1.69943389735972E+15,PAP,100,282,35.4609929078014184,116,413,28.0871670702179177,6598,6599,273,1,4/19/2017 11:40:45 PM,0.3546099290780141843,0.2808716707021791767,
1.69943389735972E+15,PAP,100,282,35.4609929078014184,116,413,28.0871670702179177,6598,6599,273,1,4/20/2017 11:42:01 PM,0.3546099290780141843,0.2808716707021791767,
1.69943389735972E+15,PAP,99,236,41.9491525423728814,115,357,32.2128851540616246,6598,6599,273,1,4/21/2017 11:40:48 PM,0.4194915254237288135,0.3221288515406162464,
1.69943389735972E+15,PAP,99,235,42.1276595744680851,115,357,32.2128851540616246,6598,6599,273,1,4/23/2017 11:39:42 PM,0.4212765957446808510,0.3221288515406162464,
1.69943389735972E+15,PAP,100,237,42.1940928270042194,115,357,32.2128851540616246,6598,6599,273,1,4/24/2017 11:41:02 PM,0.4219409282700421940,0.3221288515406162464,
1.69943389735972E+15,PAP,100,236,42.3728813559322034,115,357,32.2128851540616246,6598,6599,273,1,4/25/2017 11:39:37 PM,0.4237288135593220338,0.3221288515406162464,
1.69943389735972E+15,PAP,100,236,42.3728813559322034,115,357,32.2128851540616246,6598,6599,273,1,4/26/2017 11:37:34 PM,0.4237288135593220338,0.3221288515406162464,
1.69943389735972E+15,PAP,100,237,42.1940928270042194,115,357,32.2128851540616246,6598,6599,273,1,4/27/2017 11:38:39 PM,0.4219409282700421940,0.3221288515406162464,
1.69943389735972E+15,PAP,100,237,42.1940928270042194,115,356,32.3033707865168539,6598,6599,273,1,4/28/2017 11:41:09 PM,0.4219409282700421940,0.3230337078651685393,
1.69943389735972E+15,PAP,99,237,41.7721518987341772,114,356,32.0224719101123596,6598,6599,273,1,4/30/2017 11:39:56 PM,0.4177215189873417721,0.3202247191011235955,
1.69943389735972E+15,PAP,101,237,42.6160337552742616,116,356,32.5842696629213483,6598,6599,273,1,5/1/2017 11:40:15 PM,0.4261603375527426160,0.3258426966292134831,
1.69943389735972E+15,PAP,101,237,42.6160337552742616,116,356,32.5842696629213483,6598,6599,273,1,5/2/2017 11:39:54 PM,0.4261603375527426160,0.3258426966292134831,
1.69943389735972E+15,PAP,100,234,42.7350427350427350,117,355,32.9577464788732394,6598,6599,273,1,5/3/2017 11:39:26 PM,0.4273504273504273504,0.3295774647887323943,
1.69943389735972E+15,PAP,100,234,42.7350427350427350,117,355,32.9577464788732394,6598,6599,273,1,5/4/2017 11:42:57 PM,0.4273504273504273504,0.3295774647887323943,
1.69943389735972E+15,PAP,100,234,42.7350427350427350,118,355,33.2394366197183099,6598,6599,273,1,5/5/2017 11:45:07 PM,0.4273504273504273504,0.3323943661971830985,
1.69943389735972E+15,PAP,99,233,42.4892703862660944,118,355,33.2394366197183099,6598,6599,273,1,5/7/2017 11:42:49 PM,0.4248927038626609442,0.3323943661971830985,
1.69943389735972E+15,PAP,99,233,42.4892703862660944,118,355,33.2394366197183099,6598,6599,273,1,5/8/2017 11:38:55 PM,0.4248927038626609442,0.3323943661971830985,
1.69943389735972E+15,PAP,98,232,42.2413793103448276,118,355,33.2394366197183099,6598,6599,273,1,5/9/2017 11:46:12 PM,0.4224137931034482758,0.3323943661971830985,
1.69943389735972E+15,PAP,98,233,42.0600858369098712,118,354,33.3333333333333333,6598,6599,273,1,5/10/2017 11:45:31 PM,0.4206008583690987124,0.3333333333333333333,
1.69943389735972E+15,PAP,98,233,42.0600858369098712,117,353,33.1444759206798867,6598,6599,273,1,5/11/2017 11:43:44 PM,0.4206008583690987124,0.3314447592067988668,
1.69943389735972E+15,PAP,100,234,42.7350427350427350,117,346,33.8150289017341040,6598,6599,273,1,5/13/2017 12:01:40 AM,0.4273504273504273504,0.3381502890173410404,
1.69943389735972E+15,PAP,101,234,43.1623931623931624,118,346,34.1040462427745665,6598,6599,273,1,5/15/2017 12:04:33 AM,0.4316239316239316239,0.3410404624277456647,
1.69943389735972E+15,PAP,101,234,43.1623931623931624,117,332,35.2409638554216867,6598,6599,273,1,5/16/2017 12:07:18 AM,0.4316239316239316239,0.3524096385542168674,
1.69943389735972E+15,PAP,101,234,43.1623931623931624,117,332,35.2409638554216867,6598,6599,273,1,5/17/2017 12:06:06 AM,0.4316239316239316239,0.3524096385542168674,
1.69943389735972E+15,PAP,101,234,43.1623931623931624,117,332,35.2409638554216867,6598,6599,273,1,5/18/2017 12:06:52 AM,0.4316239316239316239,0.3524096385542168674,
1.69943389735972E+15,PAP,102,235,43.4042553191489362,117,332,35.2409638554216867,6598,6599,273,1,5/19/2017 12:02:08 AM,0.4340425531914893617,0.3524096385542168674,
1.69943389735972E+15,PAP,102,236,43.2203389830508475,117,331,35.3474320241691843,6598,6599,273,1,5/20/2017 12:06:09 AM,0.4322033898305084745,0.3534743202416918429,
1.69943389735972E+15,PAP,103,236,43.6440677966101695,118,331,35.6495468277945619,6598,6599,273,1,5/22/2017 12:03:16 AM,0.4364406779661016949,0.3564954682779456193,
1.69943389735972E+15,PAP,103,238,43.2773109243697479,118,332,35.5421686746987952,6598,6599,273,1,5/23/2017 12:05:19 AM,0.4327731092436974789,0.3554216867469879518,
1.69943389735972E+15,PAP,103,238,43.2773109243697479,118,332,35.5421686746987952,6598,6599,273,1,5/24/2017 12:09:10 AM,0.4327731092436974789,0.3554216867469879518,
1.69943389735972E+15,PAP,103,238,43.2773109243697479,118,332,35.5421686746987952,6598,6599,273,1,5/25/2017 12:06:44 AM,0.4327731092436974789,0.3554216867469879518,
1.69943389735972E+15,PAP,103,238,43.2773109243697479,118,332,35.5421686746987952,6598,6599,273,1,5/26/2017 12:11:22 AM,0.4327731092436974789,0.3554216867469879518,
1.69943389735972E+15,PAP,104,238,43.6974789915966387,119,332,35.8433734939759036,6598,6599,273,1,5/27/2017 12:06:13 AM,0.4369747899159663865,0.3584337349397590361,
1.69943389735972E+15,PAP,103,236,43.6440677966101695,119,332,35.8433734939759036,6598,6599,273,1,5/29/2017 12:09:18 AM,0.4364406779661016949,0.3584337349397590361,
1.69943389735972E+15,PAP,104,236,44.0677966101694915,120,332,36.1445783132530120,6598,6599,273,1,5/30/2017 12:06:34 AM,0.4406779661016949152,0.3614457831325301204,
1.69943389735972E+15,PAP,103,235,43.8297872340425532,119,331,35.9516616314199396,6598,6599,273,1,5/31/2017 12:03:05 AM,0.4382978723404255319,0.3595166163141993957,
1.69943389735972E+15,PAP,104,235,44.2553191489361702,120,331,36.2537764350453172,6598,6599,273,1,6/1/2017 12:10:11 AM,0.4425531914893617021,0.3625377643504531722,
1.69943389735972E+15,PAP,104,235,44.2553191489361702,120,331,36.2537764350453172,6598,6599,273,1,6/2/2017 12:02:06 AM,0.4425531914893617021,0.3625377643504531722,
1.69943389735972E+15,PAP,104,235,44.2553191489361702,120,331,36.2537764350453172,6598,6599,273,1,6/3/2017 12:07:44 AM,0.4425531914893617021,0.3625377643504531722,
1.69943389735972E+15,PAP,104,235,44.2553191489361702,120,331,36.2537764350453172,6598,6599,273,1,6/5/2017 12:00:28 AM,0.4425531914893617021,0.3625377643504531722,
1.69943389735972E+15,PAP,104,235,44.2553191489361702,120,332,36.1445783132530120,6598,6599,273,1,6/6/2017 12:09:01 AM,0.4425531914893617021,0.3614457831325301204,
1.69943389735972E+15,PAP,104,235,44.2553191489361702,120,332,36.1445783132530120,6598,6599,273,1,6/7/2017 12:04:48 AM,0.4425531914893617021,0.3614457831325301204,
1.69943389735972E+15,PAP,104,235,44.2553191489361702,120,332,36.1445783132530120,6598,6599,273,1,6/8/2017 12:09:47 AM,0.4425531914893617021,0.3614457831325301204,
1.69943389735972E+15,PAP,105,236,44.4915254237288136,121,332,36.4457831325301205,6598,6599,273,1,6/9/2017 12:04:24 AM,0.4449152542372881355,0.3644578313253012048,
1.69943389735972E+15,PAP,105,237,44.3037974683544304,121,331,36.5558912386706949,6598,6599,273,1,6/10/2017 12:05:52 AM,0.4430379746835443037,0.3655589123867069486,
1.69943389735972E+15,PAP,106,238,44.5378151260504202,121,331,36.5558912386706949,6598,6599,273,1,6/12/2017 12:10:59 AM,0.4453781512605042016,0.3655589123867069486,
1.69943389735972E+15,PAP,106,238,44.5378151260504202,121,331,36.5558912386706949,6598,6599,273,1,6/13/2017 12:07:33 AM,0.4453781512605042016,0.3655589123867069486,
1.69943389735972E+15,PAP,106,239,44.3514644351464435,121,332,36.4457831325301205,6598,6599,273,1,6/14/2017 12:09:50 AM,0.4435146443514644351,0.3644578313253012048,
1.69943389735972E+15,PAP,106,239,44.3514644351464435,121,332,36.4457831325301205,6598,6599,273,1,6/15/2017 12:15:51 AM,0.4435146443514644351,0.3644578313253012048,
1.69943389735972E+15,PAP,106,239,44.3514644351464435,121,332,36.4457831325301205,6598,6599,273,1,6/16/2017 12:13:25 AM,0.4435146443514644351,0.3644578313253012048,
1.69943389735972E+15,PAP,107,240,44.5833333333333333,122,332,36.7469879518072289,6598,6599,273,1,6/17/2017 12:14:14 AM,0.4458333333333333333,0.3674698795180722891,
1.69943389735972E+15,PAP,108,240,45.0000000000000000,123,332,37.0481927710843373,6598,6599,273,1,6/19/2017 12:11:50 AM,0.4500000000000000000,0.3704819277108433734,
1.69943389735972E+15,PAP,109,240,45.4166666666666667,124,332,37.3493975903614458,6598,6599,273,1,6/20/2017 12:12:06 AM,0.4541666666666666666,0.3734939759036144578,
1.69943389735972E+15,PAP,108,240,45.0000000000000000,123,332,37.0481927710843373,6598,6599,273,1,6/21/2017 12:11:03 AM,0.4500000000000000000,0.3704819277108433734,
1.69943389735972E+15,PAP,109,240,45.4166666666666667,124,332,37.3493975903614458,6598,6599,273,1,6/22/2017 12:11:45 AM,0.4541666666666666666,0.3734939759036144578,
1.69943389735972E+15,PAP,110,240,45.8333333333333333,125,331,37.7643504531722054,6598,6599,273,1,6/23/2017 12:12:39 AM,0.4583333333333333333,0.3776435045317220543,
1.69943389735972E+15,PAP,110,239,46.0251046025104603,125,331,37.7643504531722054,6598,6599,273,1,6/24/2017 12:10:01 AM,0.4602510460251046025,0.3776435045317220543,
1.69943389735972E+15,PAP,110,238,46.2184873949579832,125,331,37.7643504531722054,6598,6599,273,1,6/26/2017 12:11:54 AM,0.4621848739495798319,0.3776435045317220543,
1.69943389735972E+15,PAP,110,239,46.0251046025104603,125,331,37.7643504531722054,6598,6599,273,1,6/27/2017 12:07:10 AM,0.4602510460251046025,0.3776435045317220543,
1.69943389735972E+15,PAP,110,239,46.0251046025104603,125,330,37.8787878787878788,6598,6599,273,1,6/28/2017 12:07:42 AM,0.4602510460251046025,0.3787878787878787878,
1.69943389735972E+15,PAP,110,238,46.2184873949579832,125,330,37.8787878787878788,6598,6599,273,1,6/29/2017 12:06:24 AM,0.4621848739495798319,0.3787878787878787878,
1.69943389735972E+15,PAP,110,238,46.2184873949579832,125,330,37.8787878787878788,6598,6599,273,1,6/30/2017 12:10:52 AM,0.4621848739495798319,0.3787878787878787878,
1.69943389735972E+15,PAP,110,238,46.2184873949579832,125,330,37.8787878787878788,6598,6599,273,1,7/1/2017 12:12:22 AM,0.4621848739495798319,0.3787878787878787878,
1.69943389735972E+15,PAP,110,238,46.2184873949579832,125,330,37.8787878787878788,6598,6599,273,1,7/3/2017 12:05:37 AM,0.4621848739495798319,0.3787878787878787878,
1.69943389735972E+15,PAP,110,238,46.2184873949579832,125,330,37.8787878787878788,6598,6599,273,1,7/4/2017 12:11:58 AM,0.4621848739495798319,0.3787878787878787878,
1.69943389735972E+15,PAP,110,238,46.2184873949579832,125,330,37.8787878787878788,6598,6599,273,1,7/5/2017 12:08:30 AM,0.4621848739495798319,0.3787878787878787878,
1.69943389735972E+15,PAP,110,238,46.2184873949579832,125,330,37.8787878787878788,6598,6599,273,1,7/6/2017 12:11:51 AM,0.4621848739495798319,0.3787878787878787878,
1.69943389735972E+15,PAP,111,239,46.4435146443514644,126,330,38.1818181818181818,6598,6599,273,1,7/7/2017 12:09:51 AM,0.4644351464435146443,0.3818181818181818181,
1.69943389735972E+15,PAP,111,238,46.6386554621848739,126,330,38.1818181818181818,6598,6599,273,1,7/8/2017 12:04:04 AM,0.4663865546218487394,0.3818181818181818181,
1.69943389735972E+15,PAP,111,238,46.6386554621848739,126,330,38.1818181818181818,6598,6599,273,1,7/10/2017 12:02:07 AM,0.4663865546218487394,0.3818181818181818181,
1.69943389735972E+15,PAP,111,238,46.6386554621848739,126,330,38.1818181818181818,6598,6599,273,1,7/11/2017 12:09:30 AM,0.4663865546218487394,0.3818181818181818181,
1.69943389735972E+15,PAP,112,240,46.6666666666666667,126,330,38.1818181818181818,6598,6599,273,1,7/12/2017 12:12:42 AM,0.4666666666666666666,0.3818181818181818181,
1.69943389735972E+15,PAP,112,240,46.6666666666666667,126,330,38.1818181818181818,6598,6599,273,1,7/13/2017 12:06:28 AM,0.4666666666666666666,0.3818181818181818181,
1.69943389735972E+15,PAP,112,240,46.6666666666666667,126,330,38.1818181818181818,6598,6599,273,1,7/14/2017 12:08:14 AM,0.4666666666666666666,0.3818181818181818181,
1.69943389735972E+15,PAP,113,240,47.0833333333333333,127,331,38.3685800604229607,6598,6599,273,1,7/15/2017 12:09:29 AM,0.4708333333333333333,0.3836858006042296072,
1.69943389735972E+15,PAP,115,240,47.9166666666666667,129,331,38.9728096676737160,6598,6599,273,1,7/17/2017 12:08:25 AM,0.4791666666666666666,0.3897280966767371601,
1.69943389735972E+15,PAP,115,240,47.9166666666666667,129,331,38.9728096676737160,6598,6599,273,1,7/18/2017 12:07:13 AM,0.4791666666666666666,0.3897280966767371601,
1.69943389735972E+15,PAP,115,240,47.9166666666666667,129,331,38.9728096676737160,6598,6599,273,1,7/19/2017 12:12:51 AM,0.4791666666666666666,0.3897280966767371601,
1.69943389735972E+15,PAP,115,240,47.9166666666666667,129,332,38.8554216867469880,6598,6599,273,1,7/20/2017 12:09:34 AM,0.4791666666666666666,0.3885542168674698795,
1.69943389735972E+15,PAP,115,240,47.9166666666666667,129,331,38.9728096676737160,6598,6599,273,1,7/21/2017 12:11:25 AM,0.4791666666666666666,0.3897280966767371601,
1.69943389735972E+15,PAP,115,239,48.1171548117154812,129,330,39.0909090909090909,6598,6599,273,1,7/22/2017 12:09:57 AM,0.4811715481171548117,0.3909090909090909090,
1.69943389735972E+15,PAP,114,238,47.8991596638655462,129,330,39.0909090909090909,6598,6599,273,1,7/24/2017 12:05:07 AM,0.4789915966386554621,0.3909090909090909090,
1.69943389735972E+15,PAP,114,238,47.8991596638655462,129,330,39.0909090909090909,6598,6599,273,1,7/25/2017 12:05:13 AM,0.4789915966386554621,0.3909090909090909090,
1.69943389735972E+15,PAP,114,240,47.5000000000000000,129,331,38.9728096676737160,6598,6599,273,1,7/26/2017 12:11:10 AM,0.4750000000000000000,0.3897280966767371601,
1.69943389735972E+15,PAP,113,239,47.2803347280334728,129,331,38.9728096676737160,6598,6599,273,1,7/27/2017 12:06:48 AM,0.4728033472803347280,0.3897280966767371601,
1.69943389735972E+15,PAP,113,239,47.2803347280334728,129,331,38.9728096676737160,6598,6599,273,1,7/28/2017 12:06:11 AM,0.4728033472803347280,0.3897280966767371601,
1.69943389735972E+15,PAP,113,239,47.2803347280334728,129,331,38.9728096676737160,6598,6599,273,1,7/29/2017 12:08:51 AM,0.4728033472803347280,0.3897280966767371601,
1.69943389735972E+15,PAP,113,239,47.2803347280334728,129,331,38.9728096676737160,6598,6599,273,1,7/31/2017 12:07:03 AM,0.4728033472803347280,0.3897280966767371601,
1.69943389735972E+15,PAP,112,238,47.0588235294117647,128,330,38.7878787878787879,6598,6599,273,1,8/1/2017 12:07:27 AM,0.4705882352941176470,0.3878787878787878787,
1.69943389735972E+15,PAP,130,320,40.6250000000000000,130,330,39.3939393939393939,6598,6599,273,1,8/2/2017 12:10:52 AM,0.4062500000000000000,0.3939393939393939393,
1.69943389735972E+15,PAP,130,320,40.6250000000000000,130,330,39.3939393939393939,6598,6599,273,1,8/3/2017 12:09:47 AM,0.4062500000000000000,0.3939393939393939393,
1.69943389735972E+15,PAP,130,319,40.7523510971786834,130,329,39.5136778115501520,6598,6599,273,1,8/4/2017 12:10:14 AM,0.4075235109717868338,0.3951367781155015197,
1.69943389735972E+15,PAP,131,319,41.0658307210031348,131,329,39.8176291793313070,6598,6599,273,1,8/5/2017 12:11:31 AM,0.4106583072100313479,0.3981762917933130699,
1.69943389735972E+15,PAP,131,318,41.1949685534591195,131,329,39.8176291793313070,6598,6599,273,1,8/7/2017 12:07:40 AM,0.4119496855345911949,0.3981762917933130699,
1.69943389735972E+15,PAP,133,318,41.8238993710691824,133,329,40.4255319148936170,6598,6599,273,1,8/8/2017 12:10:26 AM,0.4182389937106918238,0.4042553191489361702,
1.69943389735972E+15,PAP,134,318,42.1383647798742138,134,329,40.7294832826747720,6598,6599,273,1,8/9/2017 12:15:34 AM,0.4213836477987421383,0.4072948328267477203,
1.69943389735972E+15,PAP,136,318,42.7672955974842767,136,329,41.3373860182370821,6598,6599,273,1,8/10/2017 12:10:50 AM,0.4276729559748427672,0.4133738601823708206,
1.69943389735972E+15,PAP,136,318,42.7672955974842767,136,329,41.3373860182370821,6598,6599,273,1,8/11/2017 12:06:20 AM,0.4276729559748427672,0.4133738601823708206,
1.69943389735972E+15,PAP,137,318,43.0817610062893082,137,329,41.6413373860182371,6598,6599,273,1,8/12/2017 12:10:54 AM,0.4308176100628930817,0.4164133738601823708,
1.69943389735972E+15,PAP,139,318,43.7106918238993711,139,329,42.2492401215805471,6598,6599,273,1,8/14/2017 12:09:06 AM,0.4371069182389937106,0.4224924012158054711,
1.69943389735972E+15,PAP,139,317,43.8485804416403785,139,329,42.2492401215805471,6598,6599,273,1,8/15/2017 12:10:05 AM,0.4384858044164037854,0.4224924012158054711,
1.69943389735972E+15,PAP,139,317,43.8485804416403785,139,329,42.2492401215805471,6598,6599,273,1,8/16/2017 12:12:16 AM,0.4384858044164037854,0.4224924012158054711,
1.69943389735972E+15,PAP,139,316,43.9873417721518987,139,328,42.3780487804878049,6598,6599,273,1,8/17/2017 12:11:47 AM,0.4398734177215189873,0.4237804878048780487,
1.69943389735972E+15,PAP,139,316,43.9873417721518987,139,328,42.3780487804878049,6598,6599,273,1,8/18/2017 12:10:10 AM,0.4398734177215189873,0.4237804878048780487,
1.69943389735972E+15,PAP,140,315,44.4444444444444444,140,327,42.8134556574923547,6598,6599,273,1,8/19/2017 12:09:52 AM,0.4444444444444444444,0.4281345565749235474,
1.69943389735972E+15,PAP,140,315,44.4444444444444444,140,327,42.8134556574923547,6598,6599,273,1,8/21/2017 12:07:56 AM,0.4444444444444444444,0.4281345565749235474,
1.69943389735972E+15,PAP,143,315,45.3968253968253968,143,327,43.7308868501529052,6598,6599,273,1,8/22/2017 12:08:11 AM,0.4539682539682539682,0.4373088685015290519,
1.69943389735972E+15,PAP,143,315,45.3968253968253968,143,327,43.7308868501529052,6598,6599,273,1,8/23/2017 12:12:28 AM,0.4539682539682539682,0.4373088685015290519,
1.69943389735972E+15,PAP,143,315,45.3968253968253968,143,327,43.7308868501529052,6598,6599,273,1,8/24/2017 12:08:04 AM,0.4539682539682539682,0.4373088685015290519,
1.69943389735972E+15,PAP,144,315,45.7142857142857143,144,327,44.0366972477064220,6598,6599,273,1,8/25/2017 12:12:29 AM,0.4571428571428571428,0.4403669724770642201,
1.69943389735972E+15,PAP,144,315,45.7142857142857143,144,327,44.0366972477064220,6598,6599,273,1,8/26/2017 12:13:19 AM,0.4571428571428571428,0.4403669724770642201,
1.69943389735972E+15,PAP,144,315,45.7142857142857143,144,327,44.0366972477064220,6598,6599,273,1,8/28/2017 12:08:59 AM,0.4571428571428571428,0.4403669724770642201,
1.69943389735972E+15,PAP,147,328,44.8170731707317073,147,341,43.1085043988269795,6598,6599,273,1,8/28/2017 10:55:22 AM,0.4481707317073170731,0.4310850439882697947,
1.69943389735972E+15,PAP,147,328,44.8170731707317073,147,341,43.1085043988269795,6598,6599,273,1,8/28/2017 11:00:18 AM,0.4481707317073170731,0.4310850439882697947,
1.69943389735972E+15,PAP,147,328,44.8170731707317073,147,341,43.1085043988269795,6598,6599,273,1,8/29/2017 12:09:15 AM,0.4481707317073170731,0.4310850439882697947,
1.69943389735972E+15,PAP,147,328,44.8170731707317073,147,341,43.1085043988269795,6598,6599,273,1,8/30/2017 12:09:12 AM,0.4481707317073170731,0.4310850439882697947,
1.69943389735972E+15,PAP,147,328,44.8170731707317073,147,341,43.1085043988269795,6598,6599,273,1,8/31/2017 12:12:05 AM,0.4481707317073170731,0.4310850439882697947,
1.69943389735972E+15,PAP,147,328,44.8170731707317073,147,341,43.1085043988269795,6598,6599,273,1,9/1/2017 12:10:10 AM,0.4481707317073170731,0.4310850439882697947,
1.69943389735972E+15,PAP,148,329,44.9848024316109422,148,342,43.2748538011695906,6598,6599,273,1,9/2/2017 12:10:38 AM,0.4498480243161094224,0.4327485380116959064,
1.69943389735972E+15,PAP,148,329,44.9848024316109422,148,342,43.2748538011695906,6598,6599,273,1,9/4/2017 12:12:03 AM,0.4498480243161094224,0.4327485380116959064,
1.69943389735972E+15,PAP,149,329,45.2887537993920973,149,342,43.5672514619883041,6598,6599,273,1,9/5/2017 12:08:38 AM,0.4528875379939209726,0.4356725146198830409,
1.69943389735972E+15,PAP,150,328,45.7317073170731707,150,341,43.9882697947214076,6598,6599,273,1,9/6/2017 12:11:25 AM,0.4573170731707317073,0.4398826979472140762,
1.69943389735972E+15,PAP,151,328,46.0365853658536585,151,341,44.2815249266862170,6598,6599,273,1,9/7/2017 12:09:16 AM,0.4603658536585365853,0.4428152492668621700,
1.69943389735972E+15,PAP,151,328,46.0365853658536585,151,341,44.2815249266862170,6598,6599,273,1,9/8/2017 12:12:38 AM,0.4603658536585365853,0.4428152492668621700,
1.69943389735972E+15,PAP,151,328,46.0365853658536585,151,341,44.2815249266862170,6598,6599,273,1,9/9/2017 12:10:34 AM,0.4603658536585365853,0.4428152492668621700,
1.69943389735972E+15,PAP,150,328,45.7317073170731707,150,341,43.9882697947214076,6598,6599,273,1,9/11/2017 12:11:12 AM,0.4573170731707317073,0.4398826979472140762,
1.69943389735972E+15,PAP,151,326,46.3190184049079755,151,340,44.4117647058823529,6598,6599,273,1,9/12/2017 12:12:28 AM,0.4631901840490797546,0.4441176470588235294,
1.69943389735972E+15,PAP,152,327,46.4831804281345566,152,340,44.7058823529411765,6598,6599,273,1,9/13/2017 12:11:58 AM,0.4648318042813455657,0.4470588235294117647,
1.69943389735972E+15,PAP,152,327,46.4831804281345566,152,339,44.8377581120943953,6598,6599,273,1,9/14/2017 12:12:36 AM,0.4648318042813455657,0.4483775811209439528,
1.69943389735972E+15,PAP,152,328,46.3414634146341463,152,339,44.8377581120943953,6598,6599,273,1,9/15/2017 12:13:56 AM,0.4634146341463414634,0.4483775811209439528,
1.69943389735972E+15,PAP,152,328,46.3414634146341463,152,339,44.8377581120943953,6598,6599,273,1,9/16/2017 12:15:30 AM,0.4634146341463414634,0.4483775811209439528,
1.69943389735972E+15,PAP,,,,156,406,38.4236453201970443,6598,6599,273,1,9/18/2017 10:19:11 PM,,0.3842364532019704433,
1.69943389735972E+15,PAP,152,326,46.6257668711656442,152,338,44.9704142011834320,6598,6599,273,1,9/20/2017 12:05:05 AM,0.4662576687116564417,0.4497041420118343195,
1.69943389735972E+15,PAP,152,324,46.9135802469135802,152,336,45.2380952380952381,6598,6599,273,1,9/21/2017 12:06:48 AM,0.4691358024691358024,0.4523809523809523809,
1.69943389735972E+15,PAP,152,324,46.9135802469135802,152,336,45.2380952380952381,6598,6599,273,1,9/22/2017 12:13:48 AM,0.4691358024691358024,0.4523809523809523809,
1.69943389735972E+15,PAP,154,322,47.8260869565217391,154,334,46.1077844311377246,6598,6599,273,1,9/23/2017 12:15:43 AM,0.4782608695652173913,0.4610778443113772455,
1.69943389735972E+15,PAP,154,322,47.8260869565217391,154,334,46.1077844311377246,6598,6599,273,1,9/25/2017 12:16:02 AM,0.4782608695652173913,0.4610778443113772455,
1.69943389735972E+15,PAP,154,322,47.8260869565217391,154,334,46.1077844311377246,6598,6599,273,1,9/26/2017 12:16:31 AM,0.4782608695652173913,0.4610778443113772455,
1.69943389735972E+15,PAP,156,322,48.4472049689440994,156,334,46.7065868263473054,6598,6599,273,1,9/27/2017 12:15:55 AM,0.4844720496894409937,0.4670658682634730538,
1.69943389735972E+15,PAP,156,322,48.4472049689440994,156,334,46.7065868263473054,6598,6599,273,1,9/28/2017 12:07:26 AM,0.4844720496894409937,0.4670658682634730538,
1.69943389735972E+15,PAP,156,322,48.4472049689440994,156,334,46.7065868263473054,6598,6599,273,1,9/29/2017 12:12:14 AM,0.4844720496894409937,0.4670658682634730538,
1.69943389735972E+15,PAP,156,322,48.4472049689440994,156,334,46.7065868263473054,6598,6599,273,1,9/30/2017 12:12:14 AM,0.4844720496894409937,0.4670658682634730538,
1.69943389735972E+15,PAP,156,322,48.4472049689440994,156,334,46.7065868263473054,6598,6599,273,1,10/2/2017 12:15:37 AM,0.4844720496894409937,0.4670658682634730538,
1.69943389735972E+15,PAP,156,322,48.4472049689440994,156,334,46.7065868263473054,6598,6599,273,1,10/3/2017 12:11:34 AM,0.4844720496894409937,0.4670658682634730538,
1.69943389735972E+15,PAP,155,321,48.2866043613707165,155,333,46.5465465465465465,6598,6599,273,1,10/4/2017 12:10:48 AM,0.4828660436137071651,0.4654654654654654654,
1.69943389735972E+15,PAP,156,320,48.7500000000000000,156,330,47.2727272727272727,6598,6599,273,1,10/5/2017 12:13:18 AM,0.4875000000000000000,0.4727272727272727272,
1.69943389735972E+15,PAP,156,320,48.7500000000000000,156,330,47.2727272727272727,6598,6599,273,1,10/6/2017 12:16:52 AM,0.4875000000000000000,0.4727272727272727272,
1.69943389735972E+15,PAP,156,320,48.7500000000000000,156,329,47.4164133738601824,6598,6599,273,1,10/7/2017 12:16:04 AM,0.4875000000000000000,0.4741641337386018237,
1.69943389735972E+15,PAP,156,320,48.7500000000000000,156,329,47.4164133738601824,6598,6599,273,1,10/9/2017 12:14:32 AM,0.4875000000000000000,0.4741641337386018237,
1.69943389735972E+15,PAP,156,320,48.7500000000000000,156,329,47.4164133738601824,6598,6599,273,1,10/10/2017 12:13:31 AM,0.4875000000000000000,0.4741641337386018237,
1.69943389735972E+15,PAP,156,317,49.2113564668769716,156,326,47.8527607361963190,6598,6599,273,1,10/11/2017 12:15:32 AM,0.4921135646687697160,0.4785276073619631901,
1.69943389735972E+15,PAP,156,317,49.2113564668769716,156,326,47.8527607361963190,6598,6599,273,1,10/12/2017 12:18:17 AM,0.4921135646687697160,0.4785276073619631901,
1.69943389735972E+15,PAP,156,317,49.2113564668769716,156,326,47.8527607361963190,6598,6599,273,1,10/13/2017 12:23:29 AM,0.4921135646687697160,0.4785276073619631901,
1.69943389735972E+15,PAP,156,317,49.2113564668769716,156,326,47.8527607361963190,6598,6599,273,1,10/14/2017 12:18:21 AM,0.4921135646687697160,0.4785276073619631901,
1.69943389735972E+15,PAP,156,318,49.0566037735849057,156,327,47.7064220183486239,6598,6599,273,1,10/18/2017 1:26:00 PM,0.4905660377358490566,0.4770642201834862385,
1.69943389735972E+15,PAP,157,316,49.6835443037974684,157,326,48.1595092024539877,6598,6599,273,1,10/20/2017 12:10:01 AM,0.4968354430379746835,0.4815950920245398773,
1.69943389735972E+15,PAP,156,315,49.5238095238095238,156,325,48.0000000000000000,6598,6599,273,1,10/21/2017 12:09:56 AM,0.4952380952380952380,0.4800000000000000000,
1.69943389735972E+15,PAP,157,314,50.0000000000000000,157,324,48.4567901234567901,6598,6599,273,1,10/23/2017 12:10:04 AM,0.5000000000000000000,0.4845679012345679012,
1.69943389735972E+15,PAP,157,314,50.0000000000000000,157,324,48.4567901234567901,6598,6599,273,1,10/24/2017 12:11:33 AM,0.5000000000000000000,0.4845679012345679012,
1.69943389735972E+15,PAP,157,314,50.0000000000000000,157,324,48.4567901234567901,6598,6599,273,1,10/25/2017 12:10:26 AM,0.5000000000000000000,0.4845679012345679012,
1.69943389735972E+15,PAP,162,314,51.5923566878980892,162,324,50.0000000000000000,6598,6599,273,1,10/26/2017 12:08:10 AM,0.5159235668789808917,0.5000000000000000000,
1.69943389735972E+15,PAP,162,314,51.5923566878980892,162,324,50.0000000000000000,6598,6599,273,1,10/27/2017 12:11:23 AM,0.5159235668789808917,0.5000000000000000000,
1.69943389735972E+15,PAP,162,314,51.5923566878980892,162,324,50.0000000000000000,6598,6599,273,1,10/28/2017 12:11:31 AM,0.5159235668789808917,0.5000000000000000000,
1.69943389735972E+15,PAP,163,314,51.9108280254777070,163,324,50.3086419753086420,6598,6599,273,1,10/30/2017 12:10:22 AM,0.5191082802547770700,0.5030864197530864197,
1.69943389735972E+15,PAP,164,314,52.2292993630573248,164,325,50.4615384615384615,6598,6599,273,1,10/31/2017 12:11:12 AM,0.5222929936305732484,0.5046153846153846153,
1.69943389735972E+15,TDAP,750,1194,62.8140703517587940,976,1764,55.3287981859410431,6588,6589,273,1,1/1/2017 11:43:07 PM,0.6281407035175879396,0.5532879818594104308,
1.69943389735972E+15,TDAP,750,1195,62.7615062761506276,976,1764,55.3287981859410431,6588,6589,273,1,1/2/2017 11:44:44 PM,0.6276150627615062761,0.5532879818594104308,
1.69943389735972E+15,TDAP,749,1195,62.6778242677824268,977,1765,55.3541076487252125,6588,6589,273,1,1/3/2017 11:39:26 PM,0.6267782426778242677,0.5535410764872521246,
1.69943389735972E+15,TDAP,749,1193,62.7829002514668902,977,1765,55.3541076487252125,6588,6589,273,1,1/4/2017 11:37:36 PM,0.6278290025146689019,0.5535410764872521246,
1.69943389735972E+15,TDAP,753,1196,62.9598662207357860,979,1766,55.4360135900339751,6588,6589,273,1,1/5/2017 11:43:21 PM,0.6295986622073578595,0.5543601359003397508,
1.69943389735972E+15,TDAP,752,1193,63.0343671416596815,978,1765,55.4107648725212465,6588,6589,273,1,1/6/2017 11:43:13 PM,0.6303436714165968147,0.5541076487252124645,
1.69943389735972E+15,TDAP,754,1192,63.2550335570469799,981,1767,55.5178268251273345,6588,6589,273,1,1/8/2017 11:43:09 PM,0.6325503355704697986,0.5551782682512733446,
1.69943389735972E+15,TDAP,759,1195,63.5146443514644351,985,1768,55.7126696832579186,6588,6589,273,1,1/9/2017 11:42:35 PM,0.6351464435146443514,0.5571266968325791855,
1.69943389735972E+15,TDAP,763,1200,63.5833333333333333,988,1770,55.8192090395480226,6588,6589,273,1,1/10/2017 11:46:39 PM,0.6358333333333333333,0.5581920903954802259,
1.69943389735972E+15,TDAP,767,1203,63.7572734829592685,993,1775,55.9436619718309859,6588,6589,273,1,1/11/2017 11:41:50 PM,0.6375727348295926849,0.5594366197183098591,
1.69943389735972E+15,TDAP,767,1204,63.7043189368770764,993,1776,55.9121621621621622,6588,6589,273,1,1/12/2017 11:42:28 PM,0.6370431893687707641,0.5591216216216216216,
1.69943389735972E+15,TDAP,768,1205,63.7344398340248963,994,1774,56.0315670800450958,6588,6589,273,1,1/13/2017 11:45:24 PM,0.6373443983402489626,0.5603156708004509582,
1.69943389735972E+15,TDAP,762,1200,63.5000000000000000,993,1774,55.9751972942502818,6588,6589,273,1,1/15/2017 11:47:39 PM,0.6350000000000000000,0.5597519729425028184,
1.69943389735972E+15,TDAP,763,1200,63.5833333333333333,994,1774,56.0315670800450958,6588,6589,273,1,1/16/2017 11:40:03 PM,0.6358333333333333333,0.5603156708004509582,
1.69943389735972E+15,TDAP,765,1202,63.6439267886855241,995,1774,56.0879368658399098,6588,6589,273,1,1/17/2017 11:44:47 PM,0.6364392678868552412,0.5608793686583990980,
1.69943389735972E+15,TDAP,763,1199,63.6363636363636364,995,1774,56.0879368658399098,6588,6589,273,1,1/18/2017 11:44:28 PM,0.6363636363636363636,0.5608793686583990980,
1.69943389735972E+15,TDAP,763,1200,63.5833333333333333,995,1774,56.0879368658399098,6588,6589,273,1,1/19/2017 11:41:16 PM,0.6358333333333333333,0.5608793686583990980,
1.69943389735972E+15,TDAP,763,1199,63.6363636363636364,996,1774,56.1443066516347238,6588,6589,273,1,1/20/2017 11:45:21 PM,0.6363636363636363636,0.5614430665163472378,
1.69943389735972E+15,TDAP,761,1197,63.5756056808688388,995,1774,56.0879368658399098,6588,6589,273,1,1/22/2017 11:36:28 PM,0.6357560568086883876,0.5608793686583990980,
1.69943389735972E+15,TDAP,764,1200,63.6666666666666667,997,1775,56.1690140845070423,6588,6589,273,1,1/23/2017 11:38:32 PM,0.6366666666666666666,0.5616901408450704225,
1.69943389735972E+15,TDAP,767,1200,63.9166666666666667,999,1775,56.2816901408450704,6588,6589,273,1,1/24/2017 11:36:09 PM,0.6391666666666666666,0.5628169014084507042,
1.69943389735972E+15,TDAP,763,1195,63.8493723849372385,999,1775,56.2816901408450704,6588,6589,273,1,1/25/2017 11:44:25 PM,0.6384937238493723849,0.5628169014084507042,
1.69943389735972E+15,TDAP,763,1196,63.7959866220735786,999,1776,56.2500000000000000,6588,6589,273,1,1/26/2017 11:43:53 PM,0.6379598662207357859,0.5625000000000000000,
1.69943389735972E+15,TDAP,762,1195,63.7656903765690377,998,1775,56.2253521126760563,6588,6589,273,1,1/27/2017 11:40:47 PM,0.6376569037656903765,0.5622535211267605633,
1.69943389735972E+15,TDAP,763,1195,63.8493723849372385,999,1776,56.2500000000000000,6588,6589,273,1,1/29/2017 11:42:38 PM,0.6384937238493723849,0.5625000000000000000,
1.69943389735972E+15,TDAP,763,1198,63.6894824707846411,999,1776,56.2500000000000000,6588,6589,273,1,1/30/2017 11:45:22 PM,0.6368948247078464106,0.5625000000000000000,
1.69943389735972E+15,TDAP,766,1195,64.1004184100418410,1002,1772,56.5462753950338600,6588,6589,273,1,1/31/2017 11:48:09 PM,0.6410041841004184100,0.5654627539503386004,
1.69943389735972E+15,TDAP,766,1193,64.2078792958927075,1002,1772,56.5462753950338600,6588,6589,273,1,2/1/2017 11:48:08 PM,0.6420787929589270746,0.5654627539503386004,
1.69943389735972E+15,TDAP,766,1194,64.1541038525963149,1002,1772,56.5462753950338600,6588,6589,273,1,2/2/2017 11:45:31 PM,0.6415410385259631490,0.5654627539503386004,
1.69943389735972E+15,TDAP,764,1191,64.1477749790092359,1002,1772,56.5462753950338600,6588,6589,273,1,2/3/2017 11:40:52 PM,0.6414777497900923593,0.5654627539503386004,
1.69943389735972E+15,TDAP,762,1190,64.0336134453781513,1001,1772,56.4898419864559819,6588,6589,273,1,2/5/2017 11:40:20 PM,0.6403361344537815126,0.5648984198645598194,
1.69943389735972E+15,TDAP,762,1190,64.0336134453781513,1001,1772,56.4898419864559819,6588,6589,273,1,2/6/2017 11:37:58 PM,0.6403361344537815126,0.5648984198645598194,
1.69943389735972E+15,TDAP,762,1190,64.0336134453781513,1002,1772,56.5462753950338600,6588,6589,273,1,2/7/2017 11:37:31 PM,0.6403361344537815126,0.5654627539503386004,
1.69943389735972E+15,TDAP,762,1190,64.0336134453781513,1002,1772,56.5462753950338600,6588,6589,273,1,2/8/2017 11:42:51 PM,0.6403361344537815126,0.5654627539503386004,
1.69943389735972E+15,TDAP,765,1190,64.2857142857142857,1005,1772,56.7155756207674944,6588,6589,273,1,2/9/2017 11:45:51 PM,0.6428571428571428571,0.5671557562076749435,
1.69943389735972E+15,TDAP,767,1192,64.3456375838926174,1006,1771,56.8040654997176736,6588,6589,273,1,2/10/2017 11:40:05 PM,0.6434563758389261744,0.5680406549971767363,
1.69943389735972E+15,TDAP,767,1191,64.3996641477749790,1005,1771,56.7476002258610954,6588,6589,273,1,2/12/2017 11:46:01 PM,0.6439966414777497900,0.5674760022586109542,
1.69943389735972E+15,TDAP,766,1191,64.3157010915197313,1004,1771,56.6911349520045172,6588,6589,273,1,2/13/2017 11:40:26 PM,0.6431570109151973131,0.5669113495200451722,
1.69943389735972E+15,TDAP,766,1192,64.2617449664429530,1004,1771,56.6911349520045172,6588,6589,273,1,2/14/2017 11:42:03 PM,0.6426174496644295302,0.5669113495200451722,
1.69943389735972E+15,TDAP,764,1189,64.2556770395290160,1004,1770,56.7231638418079096,6588,6589,273,1,2/15/2017 11:37:57 PM,0.6425567703952901597,0.5672316384180790960,
1.69943389735972E+15,TDAP,763,1187,64.2796967144060657,1003,1768,56.7307692307692308,6588,6589,273,1,2/16/2017 11:40:46 PM,0.6427969671440606571,0.5673076923076923076,
1.69943389735972E+15,TDAP,761,1185,64.2194092827004219,1003,1768,56.7307692307692308,6588,6589,273,1,2/17/2017 11:38:24 PM,0.6421940928270042194,0.5673076923076923076,
1.69943389735972E+15,TDAP,757,1181,64.0982218458933108,1002,1768,56.6742081447963801,6588,6589,273,1,2/19/2017 11:40:29 PM,0.6409822184589331075,0.5667420814479638009,
1.69943389735972E+15,TDAP,756,1181,64.0135478408128704,1001,1768,56.6176470588235294,6588,6589,273,1,2/20/2017 11:43:39 PM,0.6401354784081287044,0.5661764705882352941,
1.69943389735972E+15,TDAP,757,1181,64.0982218458933108,1002,1768,56.6742081447963801,6588,6589,273,1,2/21/2017 11:42:32 PM,0.6409822184589331075,0.5667420814479638009,
1.69943389735972E+15,TDAP,757,1181,64.0982218458933108,1002,1764,56.8027210884353741,6588,6589,273,1,2/22/2017 11:44:34 PM,0.6409822184589331075,0.5680272108843537414,
1.69943389735972E+15,TDAP,760,1182,64.2978003384094755,1005,1767,56.8760611205432937,6588,6589,273,1,2/23/2017 11:39:40 PM,0.6429780033840947546,0.5687606112054329371,
1.69943389735972E+15,TDAP,761,1185,64.2194092827004219,1004,1766,56.8516421291053228,6588,6589,273,1,2/24/2017 11:40:59 PM,0.6421940928270042194,0.5685164212910532276,
1.69943389735972E+15,TDAP,761,1182,64.3824027072758037,1005,1766,56.9082672706681767,6588,6589,273,1,2/26/2017 11:43:07 PM,0.6438240270727580372,0.5690826727066817667,
1.69943389735972E+15,TDAP,763,1185,64.3881856540084388,1005,1767,56.8760611205432937,6588,6589,273,1,2/27/2017 11:38:31 PM,0.6438818565400843881,0.5687606112054329371,
1.69943389735972E+15,TDAP,767,1188,64.5622895622895623,1008,1767,57.0458404074702886,6588,6589,273,1,2/28/2017 11:43:41 PM,0.6456228956228956228,0.5704584040747028862,
1.69943389735972E+15,TDAP,767,1187,64.6166807076663858,1008,1767,57.0458404074702886,6588,6589,273,1,3/1/2017 11:35:29 PM,0.6461668070766638584,0.5704584040747028862,
1.69943389735972E+15,TDAP,768,1188,64.6464646464646465,1009,1767,57.1024335031126203,6588,6589,273,1,3/2/2017 11:46:01 PM,0.6464646464646464646,0.5710243350311262026,
1.69943389735972E+15,TDAP,768,1187,64.7009267059814659,1010,1767,57.1590265987549519,6588,6589,273,1,3/3/2017 11:37:40 PM,0.6470092670598146588,0.5715902659875495189,
1.69943389735972E+15,TDAP,764,1183,64.5815722738799662,1009,1767,57.1024335031126203,6588,6589,273,1,3/5/2017 11:41:50 PM,0.6458157227387996618,0.5710243350311262026,
1.69943389735972E+15,TDAP,766,1187,64.5324347093513058,1009,1767,57.1024335031126203,6588,6589,273,1,3/6/2017 11:38:42 PM,0.6453243470935130581,0.5710243350311262026,
1.69943389735972E+15,TDAP,769,1187,64.7851727042965459,1012,1767,57.2722127900396152,6588,6589,273,1,3/8/2017 4:25:13 AM,0.6478517270429654591,0.5727221279003961516,
1.69943389735972E+15,TDAP,769,1187,64.7851727042965459,1012,1767,57.2722127900396152,6588,6589,273,1,3/8/2017 11:39:09 PM,0.6478517270429654591,0.5727221279003961516,
1.69943389735972E+15,TDAP,773,1190,64.9579831932773109,1014,1767,57.3853989813242784,6588,6589,273,1,3/9/2017 11:42:38 PM,0.6495798319327731092,0.5738539898132427843,
1.69943389735972E+15,TDAP,775,1191,65.0713685978169605,1015,1767,57.4419920769666101,6588,6589,273,1,3/10/2017 11:38:12 PM,0.6507136859781696053,0.5744199207696661007,
1.69943389735972E+15,TDAP,774,1188,65.1515151515151515,1016,1767,57.4985851726089417,6588,6589,273,1,3/12/2017 11:37:08 PM,0.6515151515151515151,0.5749858517260894170,
1.69943389735972E+15,TDAP,773,1189,65.0126156433978133,1015,1768,57.4095022624434389,6588,6589,273,1,3/13/2017 11:34:24 PM,0.6501261564339781328,0.5740950226244343891,
1.69943389735972E+15,TDAP,772,1188,64.9831649831649832,1015,1769,57.3770491803278689,6588,6589,273,1,3/14/2017 11:42:04 PM,0.6498316498316498316,0.5737704918032786885,
1.69943389735972E+15,TDAP,771,1186,65.0084317032040472,1015,1769,57.3770491803278689,6588,6589,273,1,3/15/2017 11:41:33 PM,0.6500843170320404721,0.5737704918032786885,
1.69943389735972E+15,TDAP,771,1187,64.9536647009267060,1015,1769,57.3770491803278689,6588,6589,273,1,3/16/2017 11:41:29 PM,0.6495366470092670598,0.5737704918032786885,
1.69943389735972E+15,TDAP,775,1189,65.1808242220353238,1016,1765,57.5637393767705382,6588,6589,273,1,3/17/2017 11:39:30 PM,0.6518082422203532380,0.5756373937677053824,
1.69943389735972E+15,TDAP,772,1183,65.2578191039729501,1016,1765,57.5637393767705382,6588,6589,273,1,3/19/2017 11:44:22 PM,0.6525781910397295012,0.5756373937677053824,
1.69943389735972E+15,TDAP,773,1187,65.1221566975568660,1017,1767,57.5551782682512733,6588,6589,273,1,3/20/2017 11:43:09 PM,0.6512215669755686604,0.5755517826825127334,
1.69943389735972E+15,TDAP,774,1186,65.2613827993254637,1018,1767,57.6117713638936050,6588,6589,273,1,3/21/2017 11:38:33 PM,0.6526138279932546374,0.5761177136389360498,
1.69943389735972E+15,TDAP,774,1185,65.3164556962025316,1017,1766,57.5877689694224236,6588,6589,273,1,3/22/2017 11:43:42 PM,0.6531645569620253164,0.5758776896942242355,
1.69943389735972E+15,TDAP,776,1186,65.4300168634064081,1018,1764,57.7097505668934240,6588,6589,273,1,3/23/2017 11:41:22 PM,0.6543001686340640809,0.5770975056689342403,
1.69943389735972E+15,TDAP,777,1188,65.4040404040404040,1018,1764,57.7097505668934240,6588,6589,273,1,3/24/2017 11:41:46 PM,0.6540404040404040404,0.5770975056689342403,
1.69943389735972E+15,TDAP,778,1186,65.5986509274873524,1019,1764,57.7664399092970522,6588,6589,273,1,3/26/2017 11:40:54 PM,0.6559865092748735244,0.5776643990929705215,
1.69943389735972E+15,TDAP,780,1189,65.6013456686291001,1020,1764,57.8231292517006803,6588,6589,273,1,3/27/2017 11:38:28 PM,0.6560134566862910008,0.5782312925170068027,
1.69943389735972E+15,TDAP,779,1187,65.6276326874473463,1020,1764,57.8231292517006803,6588,6589,273,1,3/28/2017 11:36:58 PM,0.6562763268744734625,0.5782312925170068027,
1.69943389735972E+15,TDAP,779,1187,65.6276326874473463,1020,1764,57.8231292517006803,6588,6589,273,1,3/29/2017 11:35:47 PM,0.6562763268744734625,0.5782312925170068027,
1.69943389735972E+15,TDAP,779,1187,65.6276326874473463,1020,1764,57.8231292517006803,6588,6589,273,1,3/30/2017 11:43:29 PM,0.6562763268744734625,0.5782312925170068027,
1.69943389735972E+15,TDAP,782,1185,65.9915611814345992,1024,1762,58.1157775255391600,6588,6589,273,1,3/31/2017 11:45:30 PM,0.6599156118143459915,0.5811577752553916004,
1.69943389735972E+15,TDAP,780,1182,65.9898477157360406,1023,1762,58.0590238365493757,6588,6589,273,1,4/2/2017 11:38:05 PM,0.6598984771573604060,0.5805902383654937570,
1.69943389735972E+15,TDAP,780,1182,65.9898477157360406,1023,1762,58.0590238365493757,6588,6589,273,1,4/3/2017 11:41:05 PM,0.6598984771573604060,0.5805902383654937570,
1.69943389735972E+15,TDAP,779,1181,65.9610499576629975,1024,1763,58.0828133862733976,6588,6589,273,1,4/4/2017 11:35:48 PM,0.6596104995766299745,0.5808281338627339761,
1.69943389735972E+15,TDAP,781,1182,66.0744500846023689,1025,1763,58.1395348837209302,6588,6589,273,1,4/5/2017 11:36:06 PM,0.6607445008460236886,0.5813953488372093023,
1.69943389735972E+15,TDAP,781,1182,66.0744500846023689,1026,1763,58.1962563811684628,6588,6589,273,1,4/6/2017 11:36:46 PM,0.6607445008460236886,0.5819625638116846284,
1.69943389735972E+15,TDAP,781,1180,66.1864406779661017,1027,1764,58.2199546485260771,6588,6589,273,1,4/7/2017 11:42:14 PM,0.6618644067796610169,0.5821995464852607709,
1.69943389735972E+15,TDAP,781,1180,66.1864406779661017,1029,1767,58.2342954159592530,6588,6589,273,1,4/9/2017 11:44:20 PM,0.6618644067796610169,0.5823429541595925297,
1.69943389735972E+15,TDAP,783,1180,66.3559322033898305,1031,1768,58.3144796380090498,6588,6589,273,1,4/10/2017 11:35:49 PM,0.6635593220338983050,0.5831447963800904977,
1.69943389735972E+15,TDAP,782,1178,66.3837011884550085,1031,1768,58.3144796380090498,6588,6589,273,1,4/11/2017 10:21:13 PM,0.6638370118845500848,0.5831447963800904977,
1.69943389735972E+15,TDAP,783,1175,66.6382978723404255,1032,1766,58.4371460928652322,6588,6589,273,1,4/12/2017 11:34:39 PM,0.6663829787234042553,0.5843714609286523216,
1.69943389735972E+15,TDAP,783,1175,66.6382978723404255,1032,1766,58.4371460928652322,6588,6589,273,1,4/13/2017 11:41:32 PM,0.6663829787234042553,0.5843714609286523216,
1.69943389735972E+15,TDAP,783,1178,66.4685908319185059,1032,1763,58.5365853658536585,6588,6589,273,1,4/14/2017 11:44:09 PM,0.6646859083191850594,0.5853658536585365853,
1.69943389735972E+15,TDAP,782,1176,66.4965986394557823,1033,1763,58.5933068633011912,6588,6589,273,1,4/16/2017 11:38:34 PM,0.6649659863945578231,0.5859330686330119115,
1.69943389735972E+15,TDAP,783,1176,66.5816326530612245,1033,1762,58.6265607264472191,6588,6589,273,1,4/17/2017 11:40:30 PM,0.6658163265306122448,0.5862656072644721906,
1.69943389735972E+15,TDAP,783,1176,66.5816326530612245,1014,1691,59.9645180366646954,6588,6589,273,1,4/18/2017 11:40:32 PM,0.6658163265306122448,0.5996451803666469544,
1.69943389735972E+15,TDAP,782,1174,66.6098807495741056,1015,1691,60.0236546422235364,6588,6589,273,1,4/19/2017 11:40:29 PM,0.6660988074957410562,0.6002365464222353636,
1.69943389735972E+15,TDAP,784,1175,66.7234042553191489,1016,1691,60.0827912477823773,6588,6589,273,1,4/20/2017 11:41:44 PM,0.6672340425531914893,0.6008279124778237729,
1.69943389735972E+15,TDAP,785,1174,66.8654173764906303,1016,1683,60.3683897801544860,6588,6589,273,1,4/21/2017 11:40:31 PM,0.6686541737649063032,0.6036838978015448603,
1.69943389735972E+15,TDAP,785,1173,66.9224211423699915,1016,1683,60.3683897801544860,6588,6589,273,1,4/23/2017 11:39:26 PM,0.6692242114236999147,0.6036838978015448603,
1.69943389735972E+15,TDAP,787,1176,66.9217687074829932,1017,1684,60.3919239904988124,6588,6589,273,1,4/24/2017 11:40:46 PM,0.6692176870748299319,0.6039192399049881235,
1.69943389735972E+15,TDAP,786,1175,66.8936170212765957,1017,1683,60.4278074866310160,6588,6589,273,1,4/25/2017 11:39:20 PM,0.6689361702127659574,0.6042780748663101604,
1.69943389735972E+15,TDAP,785,1174,66.8654173764906303,1017,1683,60.4278074866310160,6588,6589,273,1,4/26/2017 11:37:17 PM,0.6686541737649063032,0.6042780748663101604,
1.69943389735972E+15,TDAP,786,1175,66.8936170212765957,1018,1683,60.4872251931075460,6588,6589,273,1,4/27/2017 11:38:23 PM,0.6689361702127659574,0.6048722519310754604,
1.69943389735972E+15,TDAP,788,1175,67.0638297872340426,1018,1681,60.5591909577632362,6588,6589,273,1,4/28/2017 11:40:52 PM,0.6706382978723404255,0.6055919095776323616,
1.69943389735972E+15,TDAP,787,1173,67.0929241261722080,1018,1681,60.5591909577632362,6588,6589,273,1,4/30/2017 11:39:40 PM,0.6709292412617220801,0.6055919095776323616,
1.69943389735972E+15,TDAP,794,1177,67.4596431605777400,1021,1681,60.7376561570493754,6588,6589,273,1,5/1/2017 11:39:59 PM,0.6745964316057774001,0.6073765615704937537,
1.69943389735972E+15,TDAP,795,1178,67.4872665534804754,1022,1681,60.7971445568114218,6588,6589,273,1,5/2/2017 11:39:38 PM,0.6748726655348047538,0.6079714455681142177,
1.69943389735972E+15,TDAP,795,1174,67.7172061328790460,1022,1679,60.8695652173913043,6588,6589,273,1,5/3/2017 11:39:10 PM,0.6771720613287904599,0.6086956521739130434,
1.69943389735972E+15,TDAP,795,1175,67.6595744680851064,1023,1680,60.8928571428571429,6588,6589,273,1,5/4/2017 11:42:40 PM,0.6765957446808510638,0.6089285714285714285,
1.69943389735972E+15,TDAP,795,1174,67.7172061328790460,1024,1680,60.9523809523809524,6588,6589,273,1,5/5/2017 11:44:50 PM,0.6771720613287904599,0.6095238095238095238,
1.69943389735972E+15,TDAP,796,1172,67.9180887372013652,1024,1680,60.9523809523809524,6588,6589,273,1,5/7/2017 11:42:32 PM,0.6791808873720136518,0.6095238095238095238,
1.69943389735972E+15,TDAP,797,1172,68.0034129692832765,1025,1680,61.0119047619047619,6588,6589,273,1,5/8/2017 11:38:39 PM,0.6800341296928327645,0.6101190476190476190,
1.69943389735972E+15,TDAP,796,1168,68.1506849315068493,1026,1680,61.0714285714285714,6588,6589,273,1,5/9/2017 11:45:55 PM,0.6815068493150684931,0.6107142857142857142,
1.69943389735972E+15,TDAP,797,1168,68.2363013698630137,1026,1676,61.2171837708830549,6588,6589,273,1,5/10/2017 11:45:14 PM,0.6823630136986301369,0.6121718377088305489,
1.69943389735972E+15,TDAP,799,1169,68.3490162532078700,1028,1676,61.3365155131264916,6588,6589,273,1,5/11/2017 11:43:28 PM,0.6834901625320786997,0.6133651551312649164,
1.69943389735972E+15,TDAP,804,1173,68.5421994884910486,1024,1650,62.0606060606060606,6588,6589,273,1,5/13/2017 12:01:24 AM,0.6854219948849104859,0.6206060606060606060,
1.69943389735972E+15,TDAP,803,1172,68.5153583617747440,1023,1650,62.0000000000000000,6588,6589,273,1,5/15/2017 12:04:16 AM,0.6851535836177474402,0.6200000000000000000,
1.69943389735972E+15,TDAP,807,1174,68.7393526405451448,1015,1606,63.2004981320049813,6588,6589,273,1,5/16/2017 12:07:01 AM,0.6873935264054514480,0.6320049813200498132,
1.69943389735972E+15,TDAP,810,1178,68.7606112054329372,1017,1607,63.2856253889234599,6588,6589,273,1,5/17/2017 12:05:48 AM,0.6876061120543293718,0.6328562538892345986,
1.69943389735972E+15,TDAP,809,1176,68.7925170068027211,1018,1607,63.3478531425015557,6588,6589,273,1,5/18/2017 12:06:35 AM,0.6879251700680272108,0.6334785314250155569,
1.69943389735972E+15,TDAP,810,1179,68.7022900763358779,1020,1609,63.3934120571783717,6588,6589,273,1,5/19/2017 12:01:52 AM,0.6870229007633587786,0.6339341205717837165,
1.69943389735972E+15,TDAP,812,1181,68.7552921253175275,1022,1608,63.5572139303482587,6588,6589,273,1,5/20/2017 12:05:53 AM,0.6875529212531752751,0.6355721393034825870,
1.69943389735972E+15,TDAP,812,1180,68.8135593220338983,1022,1608,63.5572139303482587,6588,6589,273,1,5/22/2017 12:02:58 AM,0.6881355932203389830,0.6355721393034825870,
1.69943389735972E+15,TDAP,814,1184,68.7500000000000000,1023,1610,63.5403726708074534,6588,6589,273,1,5/23/2017 12:05:02 AM,0.6875000000000000000,0.6354037267080745341,
1.69943389735972E+15,TDAP,815,1183,68.8926458157227388,1025,1610,63.6645962732919255,6588,6589,273,1,5/24/2017 12:08:53 AM,0.6889264581572273879,0.6366459627329192546,
1.69943389735972E+15,TDAP,815,1183,68.8926458157227388,1025,1610,63.6645962732919255,6588,6589,273,1,5/25/2017 12:06:27 AM,0.6889264581572273879,0.6366459627329192546,
1.69943389735972E+15,TDAP,815,1183,68.8926458157227388,1025,1610,63.6645962732919255,6588,6589,273,1,5/26/2017 12:11:05 AM,0.6889264581572273879,0.6366459627329192546,
1.69943389735972E+15,TDAP,815,1184,68.8344594594594595,1025,1610,63.6645962732919255,6588,6589,273,1,5/27/2017 12:05:56 AM,0.6883445945945945945,0.6366459627329192546,
1.69943389735972E+15,TDAP,814,1182,68.8663282571912014,1025,1610,63.6645962732919255,6588,6589,273,1,5/29/2017 12:09:00 AM,0.6886632825719120135,0.6366459627329192546,
1.69943389735972E+15,TDAP,814,1182,68.8663282571912014,1025,1610,63.6645962732919255,6588,6589,273,1,5/30/2017 12:06:18 AM,0.6886632825719120135,0.6366459627329192546,
1.69943389735972E+15,TDAP,814,1182,68.8663282571912014,1025,1610,63.6645962732919255,6588,6589,273,1,5/31/2017 12:02:48 AM,0.6886632825719120135,0.6366459627329192546,
1.69943389735972E+15,TDAP,812,1180,68.8135593220338983,1024,1609,63.6420136730888751,6588,6589,273,1,6/1/2017 12:09:54 AM,0.6881355932203389830,0.6364201367308887507,
1.69943389735972E+15,TDAP,812,1182,68.6971235194585448,1023,1609,63.5798632691112492,6588,6589,273,1,6/2/2017 12:01:45 AM,0.6869712351945854483,0.6357986326911124922,
1.69943389735972E+15,TDAP,812,1182,68.6971235194585448,1023,1609,63.5798632691112492,6588,6589,273,1,6/3/2017 12:07:28 AM,0.6869712351945854483,0.6357986326911124922,
1.69943389735972E+15,TDAP,812,1182,68.6971235194585448,1023,1609,63.5798632691112492,6588,6589,273,1,6/5/2017 12:00:08 AM,0.6869712351945854483,0.6357986326911124922,
1.69943389735972E+15,TDAP,812,1182,68.6971235194585448,1023,1611,63.5009310986964618,6588,6589,273,1,6/6/2017 12:08:44 AM,0.6869712351945854483,0.6350093109869646182,
1.69943389735972E+15,TDAP,816,1183,68.9771766694843618,1025,1611,63.6250775915580385,6588,6589,273,1,6/7/2017 12:04:30 AM,0.6897717666948436179,0.6362507759155803848,
1.69943389735972E+15,TDAP,813,1179,68.9567430025445293,1025,1610,63.6645962732919255,6588,6589,273,1,6/8/2017 12:09:31 AM,0.6895674300254452926,0.6366459627329192546,
1.69943389735972E+15,TDAP,816,1181,69.0939881456392887,1025,1610,63.6645962732919255,6588,6589,273,1,6/9/2017 12:04:06 AM,0.6909398814563928873,0.6366459627329192546,
1.69943389735972E+15,TDAP,817,1182,69.1201353637901861,1025,1611,63.6250775915580385,6588,6589,273,1,6/10/2017 12:05:35 AM,0.6912013536379018612,0.6362507759155803848,
1.69943389735972E+15,TDAP,815,1182,68.9509306260575296,1025,1611,63.6250775915580385,6588,6589,273,1,6/12/2017 12:10:42 AM,0.6895093062605752961,0.6362507759155803848,
1.69943389735972E+15,TDAP,814,1183,68.8081149619611158,1023,1611,63.5009310986964618,6588,6589,273,1,6/13/2017 12:07:16 AM,0.6880811496196111580,0.6350093109869646182,
1.69943389735972E+15,TDAP,814,1184,68.7500000000000000,1023,1612,63.4615384615384615,6588,6589,273,1,6/14/2017 12:09:34 AM,0.6875000000000000000,0.6346153846153846153,
1.69943389735972E+15,TDAP,812,1178,68.9303904923599321,1025,1613,63.5461872287662740,6588,6589,273,1,6/15/2017 12:15:34 AM,0.6893039049235993208,0.6354618722876627402,
1.69943389735972E+15,TDAP,813,1178,69.0152801358234295,1025,1612,63.5856079404466501,6588,6589,273,1,6/16/2017 12:13:08 AM,0.6901528013582342954,0.6358560794044665012,
1.69943389735972E+15,TDAP,818,1182,69.2047377326565144,1029,1612,63.8337468982630273,6588,6589,273,1,6/17/2017 12:13:57 AM,0.6920473773265651438,0.6383374689826302729,
1.69943389735972E+15,TDAP,818,1182,69.2047377326565144,1029,1612,63.8337468982630273,6588,6589,273,1,6/19/2017 12:11:34 AM,0.6920473773265651438,0.6383374689826302729,
1.69943389735972E+15,TDAP,817,1182,69.1201353637901861,1027,1612,63.7096774193548387,6588,6589,273,1,6/20/2017 12:11:49 AM,0.6912013536379018612,0.6370967741935483870,
1.69943389735972E+15,TDAP,818,1183,69.1462383770076078,1028,1613,63.7321760694358338,6588,6589,273,1,6/21/2017 12:10:45 AM,0.6914623837700760777,0.6373217606943583384,
1.69943389735972E+15,TDAP,818,1184,69.0878378378378378,1028,1613,63.7321760694358338,6588,6589,273,1,6/22/2017 12:11:28 AM,0.6908783783783783783,0.6373217606943583384,
1.69943389735972E+15,TDAP,818,1184,69.0878378378378378,1027,1612,63.7096774193548387,6588,6589,273,1,6/23/2017 12:12:21 AM,0.6908783783783783783,0.6370967741935483870,
1.69943389735972E+15,TDAP,816,1182,69.0355329949238579,1027,1612,63.7096774193548387,6588,6589,273,1,6/24/2017 12:09:43 AM,0.6903553299492385786,0.6370967741935483870,
1.69943389735972E+15,TDAP,814,1181,68.9246401354784081,1026,1612,63.6476426799007444,6588,6589,273,1,6/26/2017 12:11:38 AM,0.6892464013547840812,0.6364764267990074441,
1.69943389735972E+15,TDAP,817,1184,69.0033783783783784,1026,1612,63.6476426799007444,6588,6589,273,1,6/27/2017 12:06:53 AM,0.6900337837837837837,0.6364764267990074441,
1.69943389735972E+15,TDAP,820,1188,69.0235690235690236,1027,1612,63.7096774193548387,6588,6589,273,1,6/28/2017 12:07:24 AM,0.6902356902356902356,0.6370967741935483870,
1.69943389735972E+15,TDAP,819,1186,69.0556492411467116,1027,1612,63.7096774193548387,6588,6589,273,1,6/29/2017 12:06:07 AM,0.6905564924114671163,0.6370967741935483870,
1.69943389735972E+15,TDAP,821,1186,69.2242833052276560,1029,1612,63.8337468982630273,6588,6589,273,1,6/30/2017 12:10:35 AM,0.6922428330522765598,0.6383374689826302729,
1.69943389735972E+15,TDAP,821,1187,69.1659646166807077,1029,1612,63.8337468982630273,6588,6589,273,1,7/1/2017 12:12:06 AM,0.6916596461668070766,0.6383374689826302729,
1.69943389735972E+15,TDAP,820,1186,69.1399662731871838,1029,1612,63.8337468982630273,6588,6589,273,1,7/3/2017 12:05:19 AM,0.6913996627318718381,0.6383374689826302729,
1.69943389735972E+15,TDAP,820,1187,69.0817186183656276,1029,1613,63.7941723496590205,6588,6589,273,1,7/4/2017 12:11:41 AM,0.6908171861836562763,0.6379417234965902045,
1.69943389735972E+15,TDAP,820,1187,69.0817186183656276,1029,1613,63.7941723496590205,6588,6589,273,1,7/5/2017 12:08:14 AM,0.6908171861836562763,0.6379417234965902045,
1.69943389735972E+15,TDAP,819,1184,69.1722972972972973,1029,1612,63.8337468982630273,6588,6589,273,1,7/6/2017 12:11:35 AM,0.6917229729729729729,0.6383374689826302729,
1.69943389735972E+15,TDAP,821,1186,69.2242833052276560,1030,1612,63.8957816377171216,6588,6589,273,1,7/7/2017 12:09:34 AM,0.6922428330522765598,0.6389578163771712158,
1.69943389735972E+15,TDAP,824,1184,69.5945945945945946,1031,1612,63.9578163771712159,6588,6589,273,1,7/8/2017 12:03:47 AM,0.6959459459459459459,0.6395781637717121588,
1.69943389735972E+15,TDAP,822,1182,69.5431472081218274,1031,1612,63.9578163771712159,6588,6589,273,1,7/10/2017 12:01:50 AM,0.6954314720812182741,0.6395781637717121588,
1.69943389735972E+15,TDAP,824,1184,69.5945945945945946,1032,1613,63.9801611903285803,6588,6589,273,1,7/11/2017 12:09:14 AM,0.6959459459459459459,0.6398016119032858028,
1.69943389735972E+15,TDAP,825,1185,69.6202531645569620,1032,1613,63.9801611903285803,6588,6589,273,1,7/12/2017 12:12:25 AM,0.6962025316455696202,0.6398016119032858028,
1.69943389735972E+15,TDAP,825,1185,69.6202531645569620,1031,1606,64.1967621419676214,6588,6589,273,1,7/13/2017 12:06:11 AM,0.6962025316455696202,0.6419676214196762141,
1.69943389735972E+15,TDAP,825,1184,69.6790540540540541,1031,1606,64.1967621419676214,6588,6589,273,1,7/14/2017 12:07:57 AM,0.6967905405405405405,0.6419676214196762141,
1.69943389735972E+15,TDAP,824,1180,69.8305084745762712,1032,1606,64.2590286425902864,6588,6589,273,1,7/15/2017 12:09:12 AM,0.6983050847457627118,0.6425902864259028642,
1.69943389735972E+15,TDAP,824,1180,69.8305084745762712,1032,1606,64.2590286425902864,6588,6589,273,1,7/17/2017 12:08:08 AM,0.6983050847457627118,0.6425902864259028642,
1.69943389735972E+15,TDAP,824,1181,69.7713801862828112,1032,1607,64.2190416925948973,6588,6589,273,1,7/18/2017 12:06:56 AM,0.6977138018628281117,0.6421904169259489732,
1.69943389735972E+15,TDAP,824,1181,69.7713801862828112,1032,1607,64.2190416925948973,6588,6589,273,1,7/19/2017 12:12:31 AM,0.6977138018628281117,0.6421904169259489732,
1.69943389735972E+15,TDAP,824,1181,69.7713801862828112,1033,1608,64.2412935323383085,6588,6589,273,1,7/20/2017 12:09:17 AM,0.6977138018628281117,0.6424129353233830845,
1.69943389735972E+15,TDAP,825,1182,69.7969543147208122,1034,1608,64.3034825870646766,6588,6589,273,1,7/21/2017 12:11:08 AM,0.6979695431472081218,0.6430348258706467661,
1.69943389735972E+15,TDAP,834,1180,70.6779661016949153,1044,1608,64.9253731343283582,6588,6589,273,1,7/22/2017 12:09:40 AM,0.7067796610169491525,0.6492537313432835820,
1.69943389735972E+15,TDAP,827,1174,70.4429301533219761,1043,1609,64.8228713486637663,6588,6589,273,1,7/24/2017 12:04:51 AM,0.7044293015332197614,0.6482287134866376631,
1.69943389735972E+15,TDAP,831,1174,70.7836456558773424,1046,1609,65.0093225605966439,6588,6589,273,1,7/25/2017 12:04:54 AM,0.7078364565587734241,0.6500932256059664387,
1.69943389735972E+15,TDAP,836,1179,70.9075487701441900,1048,1610,65.0931677018633540,6588,6589,273,1,7/26/2017 12:10:53 AM,0.7090754877014418999,0.6509316770186335403,
1.69943389735972E+15,TDAP,834,1177,70.8581138487680544,1047,1609,65.0714729645742697,6588,6589,273,1,7/27/2017 12:06:30 AM,0.7085811384876805437,0.6507147296457426973,
1.69943389735972E+15,TDAP,836,1179,70.9075487701441900,1047,1609,65.0714729645742697,6588,6589,273,1,7/28/2017 12:05:54 AM,0.7090754877014418999,0.6507147296457426973,
1.69943389735972E+15,TDAP,838,1176,71.2585034013605442,1050,1609,65.2579241765071473,6588,6589,273,1,7/29/2017 12:08:34 AM,0.7125850340136054421,0.6525792417650714729,
1.69943389735972E+15,TDAP,837,1174,71.2947189097103918,1050,1609,65.2579241765071473,6588,6589,273,1,7/31/2017 12:06:46 AM,0.7129471890971039182,0.6525792417650714729,
1.69943389735972E+15,TDAP,838,1175,71.3191489361702128,1050,1607,65.3391412570006223,6588,6589,273,1,8/1/2017 12:07:10 AM,0.7131914893617021276,0.6533914125700062227,
1.69943389735972E+15,TDAP,1025,1525,67.2131147540983607,1052,1607,65.4635967641568139,6588,6589,273,1,8/2/2017 12:10:34 AM,0.6721311475409836065,0.6546359676415681393,
1.69943389735972E+15,TDAP,1025,1525,67.2131147540983607,1053,1607,65.5258245177349098,6588,6589,273,1,8/3/2017 12:09:29 AM,0.6721311475409836065,0.6552582451773490976,
1.69943389735972E+15,TDAP,1023,1524,67.1259842519685039,1052,1606,65.5043586550435866,6588,6589,273,1,8/4/2017 12:09:56 AM,0.6712598425196850393,0.6550435865504358655,
1.69943389735972E+15,TDAP,1029,1525,67.4754098360655738,1058,1607,65.8369632856253889,6588,6589,273,1,8/5/2017 12:11:14 AM,0.6747540983606557377,0.6583696328562538892,
1.69943389735972E+15,TDAP,1029,1524,67.5196850393700787,1058,1607,65.8369632856253889,6588,6589,273,1,8/7/2017 12:07:23 AM,0.6751968503937007874,0.6583696328562538892,
1.69943389735972E+15,TDAP,1032,1524,67.7165354330708661,1061,1607,66.0236465463596764,6588,6589,273,1,8/8/2017 12:10:09 AM,0.6771653543307086614,0.6602364654635967641,
1.69943389735972E+15,TDAP,1035,1525,67.8688524590163934,1063,1607,66.1481020535158681,6588,6589,273,1,8/9/2017 12:15:16 AM,0.6786885245901639344,0.6614810205351586807,
1.69943389735972E+15,TDAP,1036,1526,67.8899082568807339,1064,1608,66.1691542288557214,6588,6589,273,1,8/10/2017 12:10:32 AM,0.6788990825688073394,0.6616915422885572139,
1.69943389735972E+15,TDAP,1039,1526,68.0865006553079948,1068,1609,66.3766314481044127,6588,6589,273,1,8/11/2017 12:06:03 AM,0.6808650065530799475,0.6637663144810441267,
1.69943389735972E+15,TDAP,1040,1526,68.1520314547837484,1069,1609,66.4387818520820385,6588,6589,273,1,8/12/2017 12:10:37 AM,0.6815203145478374836,0.6643878185208203853,
1.69943389735972E+15,TDAP,1040,1526,68.1520314547837484,1069,1609,66.4387818520820385,6588,6589,273,1,8/14/2017 12:08:47 AM,0.6815203145478374836,0.6643878185208203853,
1.69943389735972E+15,TDAP,1038,1525,68.0655737704918033,1068,1609,66.3766314481044127,6588,6589,273,1,8/15/2017 12:09:48 AM,0.6806557377049180327,0.6637663144810441267,
1.69943389735972E+15,TDAP,1040,1525,68.1967213114754098,1070,1609,66.5009322560596644,6588,6589,273,1,8/16/2017 12:11:59 AM,0.6819672131147540983,0.6650093225605966438,
1.69943389735972E+15,TDAP,1040,1524,68.2414698162729659,1070,1608,66.5422885572139303,6588,6589,273,1,8/17/2017 12:11:31 AM,0.6824146981627296587,0.6654228855721393034,
1.69943389735972E+15,TDAP,1040,1523,68.2862770847012475,1070,1608,66.5422885572139303,6588,6589,273,1,8/18/2017 12:09:53 AM,0.6828627708470124753,0.6654228855721393034,
1.69943389735972E+15,TDAP,1041,1523,68.3519369665134603,1071,1608,66.6044776119402985,6588,6589,273,1,8/19/2017 12:09:35 AM,0.6835193696651346027,0.6660447761194029850,
1.69943389735972E+15,TDAP,1040,1524,68.2414698162729659,1070,1609,66.5009322560596644,6588,6589,273,1,8/21/2017 12:07:39 AM,0.6824146981627296587,0.6650093225605966438,
1.69943389735972E+15,TDAP,1039,1523,68.2206172028890348,1069,1608,66.4800995024875622,6588,6589,273,1,8/22/2017 12:07:54 AM,0.6822061720288903479,0.6648009950248756218,
1.69943389735972E+15,TDAP,1040,1523,68.2862770847012475,1070,1608,66.5422885572139303,6588,6589,273,1,8/23/2017 12:12:10 AM,0.6828627708470124753,0.6654228855721393034,
1.69943389735972E+15,TDAP,1040,1523,68.2862770847012475,1070,1608,66.5422885572139303,6588,6589,273,1,8/24/2017 12:07:47 AM,0.6828627708470124753,0.6654228855721393034,
1.69943389735972E+15,TDAP,1039,1523,68.2206172028890348,1069,1608,66.4800995024875622,6588,6589,273,1,8/25/2017 12:12:11 AM,0.6822061720288903479,0.6648009950248756218,
1.69943389735972E+15,TDAP,1040,1523,68.2862770847012475,1070,1608,66.5422885572139303,6588,6589,273,1,8/26/2017 12:13:01 AM,0.6828627708470124753,0.6654228855721393034,
1.69943389735972E+15,TDAP,1040,1523,68.2862770847012475,1070,1608,66.5422885572139303,6588,6589,273,1,8/28/2017 12:08:42 AM,0.6828627708470124753,0.6654228855721393034,
1.69943389735972E+15,TDAP,1041,1521,68.4418145956607495,1072,1608,66.6666666666666667,6588,6589,273,1,8/29/2017 12:08:58 AM,0.6844181459566074950,0.6666666666666666666,
1.69943389735972E+15,TDAP,1042,1521,68.5075608152531229,1073,1608,66.7288557213930348,6588,6589,273,1,8/30/2017 12:08:56 AM,0.6850756081525312294,0.6672885572139303482,
1.69943389735972E+15,TDAP,1042,1521,68.5075608152531229,1073,1608,66.7288557213930348,6588,6589,273,1,8/31/2017 12:11:47 AM,0.6850756081525312294,0.6672885572139303482,
1.69943389735972E+15,TDAP,1043,1521,68.5733070348454964,1074,1608,66.7910447761194030,6588,6589,273,1,9/1/2017 12:09:53 AM,0.6857330703484549638,0.6679104477611940298,
1.69943389735972E+15,TDAP,1045,1521,68.7047994740302433,1076,1608,66.9154228855721393,6588,6589,273,1,9/2/2017 12:10:20 AM,0.6870479947403024326,0.6691542288557213930,
1.69943389735972E+15,TDAP,1043,1521,68.5733070348454964,1074,1608,66.7910447761194030,6588,6589,273,1,9/4/2017 12:11:46 AM,0.6857330703484549638,0.6679104477611940298,
1.69943389735972E+15,TDAP,1042,1521,68.5075608152531229,1073,1608,66.7288557213930348,6588,6589,273,1,9/5/2017 12:08:21 AM,0.6850756081525312294,0.6672885572139303482,
1.69943389735972E+15,TDAP,1042,1521,68.5075608152531229,1073,1608,66.7288557213930348,6588,6589,273,1,9/6/2017 12:11:08 AM,0.6850756081525312294,0.6672885572139303482,
1.69943389735972E+15,TDAP,1042,1521,68.5075608152531229,1073,1608,66.7288557213930348,6588,6589,273,1,9/7/2017 12:08:58 AM,0.6850756081525312294,0.6672885572139303482,
1.69943389735972E+15,TDAP,1047,1520,68.8815789473684211,1078,1607,67.0815183571873055,6588,6589,273,1,9/8/2017 12:12:20 AM,0.6888157894736842105,0.6708151835718730553,
1.69943389735972E+15,TDAP,1051,1520,69.1447368421052632,1082,1608,67.2885572139303483,6588,6589,273,1,9/9/2017 12:10:16 AM,0.6914473684210526315,0.6728855721393034825,
1.69943389735972E+15,TDAP,1050,1518,69.1699604743083004,1082,1608,67.2885572139303483,6588,6589,273,1,9/11/2017 12:10:55 AM,0.6916996047430830039,0.6728855721393034825,
1.69943389735972E+15,TDAP,1054,1517,69.4792353328938695,1086,1608,67.5373134328358209,6588,6589,273,1,9/12/2017 12:12:09 AM,0.6947923533289386947,0.6753731343283582089,
1.69943389735972E+15,TDAP,1057,1518,69.6310935441370224,1089,1608,67.7238805970149254,6588,6589,273,1,9/13/2017 12:11:38 AM,0.6963109354413702239,0.6772388059701492537,
1.69943389735972E+15,TDAP,1057,1518,69.6310935441370224,1089,1607,67.7660236465463597,6588,6589,273,1,9/14/2017 12:12:19 AM,0.6963109354413702239,0.6776602364654635967,
1.69943389735972E+15,TDAP,1058,1519,69.6510862409479921,1089,1607,67.7660236465463597,6588,6589,273,1,9/15/2017 12:13:38 AM,0.6965108624094799210,0.6776602364654635967,
1.69943389735972E+15,TDAP,1056,1518,69.5652173913043478,1088,1608,67.6616915422885572,6588,6589,273,1,9/16/2017 12:15:13 AM,0.6956521739130434782,0.6766169154228855721,
1.69943389735972E+15,TDAP,,,,1088,1608,67.6616915422885572,6588,6589,273,1,9/18/2017 10:18:58 PM,,0.6766169154228855721,
1.69943389735972E+15,TDAP,1070,1516,70.5804749340369393,1101,1605,68.5981308411214953,6588,6589,273,1,9/20/2017 12:04:48 AM,0.7058047493403693931,0.6859813084112149532,
1.69943389735972E+15,TDAP,1070,1514,70.6737120211360634,1101,1603,68.6837180286961946,6588,6589,273,1,9/21/2017 12:06:31 AM,0.7067371202113606340,0.6868371802869619463,
1.69943389735972E+15,TDAP,1070,1513,70.7204230006609385,1101,1603,68.6837180286961946,6588,6589,273,1,9/22/2017 12:13:29 AM,0.7072042300066093853,0.6868371802869619463,
1.69943389735972E+15,TDAP,1065,1507,70.6702057067020571,1096,1599,68.5428392745465916,6588,6589,273,1,9/23/2017 12:15:24 AM,0.7067020570670205706,0.6854283927454659161,
1.69943389735972E+15,TDAP,1066,1506,70.7835325365205843,1097,1599,68.6053783614759225,6588,6589,273,1,9/25/2017 12:15:44 AM,0.7078353253652058432,0.6860537836147592245,
1.69943389735972E+15,TDAP,1069,1505,71.0299003322259136,1100,1598,68.8360450563204005,6588,6589,273,1,9/26/2017 12:16:11 AM,0.7102990033222591362,0.6883604505632040050,
1.69943389735972E+15,TDAP,1072,1505,71.2292358803986711,1103,1598,69.0237797246558198,6588,6589,273,1,9/27/2017 12:15:37 AM,0.7122923588039867109,0.6902377972465581977,
1.69943389735972E+15,TDAP,1072,1505,71.2292358803986711,1103,1598,69.0237797246558198,6588,6589,273,1,9/28/2017 12:07:07 AM,0.7122923588039867109,0.6902377972465581977,
1.69943389735972E+15,TDAP,1073,1505,71.2956810631229236,1104,1598,69.0863579474342929,6588,6589,273,1,9/29/2017 12:11:54 AM,0.7129568106312292358,0.6908635794743429286,
1.69943389735972E+15,TDAP,1073,1504,71.3430851063829787,1104,1597,69.1296180338134001,6588,6589,273,1,9/30/2017 12:11:54 AM,0.7134308510638297872,0.6912961803381340012,
1.69943389735972E+15,TDAP,1073,1503,71.3905522288755822,1104,1597,69.1296180338134001,6588,6589,273,1,10/2/2017 12:15:18 AM,0.7139055222887558216,0.6912961803381340012,
1.69943389735972E+15,TDAP,1071,1499,71.4476317545030020,1102,1593,69.1776522284996861,6588,6589,273,1,10/3/2017 12:11:14 AM,0.7144763175450300200,0.6917765222849968612,
1.69943389735972E+15,TDAP,1073,1498,71.6288384512683578,1104,1592,69.3467336683417085,6588,6589,273,1,10/4/2017 12:10:29 AM,0.7162883845126835781,0.6934673366834170854,
1.69943389735972E+15,TDAP,1072,1497,71.6098864395457582,1093,1567,69.7511167836630504,6588,6589,273,1,10/5/2017 12:12:59 AM,0.7160988643954575818,0.6975111678366305041,
1.69943389735972E+15,TDAP,1072,1497,71.6098864395457582,1093,1567,69.7511167836630504,6588,6589,273,1,10/6/2017 12:16:32 AM,0.7160988643954575818,0.6975111678366305041,
1.69943389735972E+15,TDAP,1072,1496,71.6577540106951872,1092,1563,69.8656429942418426,6588,6589,273,1,10/7/2017 12:15:45 AM,0.7165775401069518716,0.6986564299424184261,
1.69943389735972E+15,TDAP,1072,1496,71.6577540106951872,1092,1563,69.8656429942418426,6588,6589,273,1,10/9/2017 12:14:13 AM,0.7165775401069518716,0.6986564299424184261,
1.69943389735972E+15,TDAP,1074,1496,71.7914438502673797,1095,1564,70.0127877237851662,6588,6589,273,1,10/10/2017 12:13:10 AM,0.7179144385026737967,0.7001278772378516624,
1.69943389735972E+15,TDAP,1074,1492,71.9839142091152815,1095,1560,70.1923076923076923,6588,6589,273,1,10/11/2017 12:15:11 AM,0.7198391420911528150,0.7019230769230769230,
1.69943389735972E+15,TDAP,1074,1492,71.9839142091152815,1095,1560,70.1923076923076923,6588,6589,273,1,10/12/2017 12:17:57 AM,0.7198391420911528150,0.7019230769230769230,
1.69943389735972E+15,TDAP,1073,1491,71.9651240778001341,1094,1559,70.1731879409878127,6588,6589,273,1,10/13/2017 12:23:09 AM,0.7196512407780013413,0.7017318794098781270,
1.69943389735972E+15,TDAP,1072,1487,72.0914593140551446,1092,1554,70.2702702702702703,6588,6589,273,1,10/14/2017 12:18:03 AM,0.7209145931405514458,0.7027027027027027027,
1.69943389735972E+15,TDAP,1070,1486,72.0053835800807537,1090,1553,70.1867353509336768,6588,6589,273,1,10/18/2017 1:25:43 PM,0.7200538358008075370,0.7018673535093367675,
1.69943389735972E+15,TDAP,1070,1485,72.0538720538720539,1090,1553,70.1867353509336768,6588,6589,273,1,10/20/2017 12:09:44 AM,0.7205387205387205387,0.7018673535093367675,
1.69943389735972E+15,TDAP,1069,1482,72.1322537112010796,1089,1550,70.2580645161290323,6588,6589,273,1,10/21/2017 12:09:39 AM,0.7213225371120107962,0.7025806451612903225,
1.69943389735972E+15,TDAP,1069,1482,72.1322537112010796,1089,1550,70.2580645161290323,6588,6589,273,1,10/23/2017 12:09:48 AM,0.7213225371120107962,0.7025806451612903225,
1.69943389735972E+15,TDAP,1070,1482,72.1997300944669366,1090,1550,70.3225806451612903,6588,6589,273,1,10/24/2017 12:11:17 AM,0.7219973009446693657,0.7032258064516129032,
1.69943389735972E+15,TDAP,1071,1482,72.2672064777327935,1091,1549,70.4325371207230471,6588,6589,273,1,10/25/2017 12:10:09 AM,0.7226720647773279352,0.7043253712072304712,
1.69943389735972E+15,TDAP,1071,1482,72.2672064777327935,1091,1549,70.4325371207230471,6588,6589,273,1,10/26/2017 12:07:53 AM,0.7226720647773279352,0.7043253712072304712,
1.69943389735972E+15,TDAP,1070,1482,72.1997300944669366,1090,1549,70.3679793415106520,6588,6589,273,1,10/27/2017 12:11:06 AM,0.7219973009446693657,0.7036797934151065203,
1.69943389735972E+15,TDAP,1071,1482,72.2672064777327935,1091,1549,70.4325371207230471,6588,6589,273,1,10/28/2017 12:11:13 AM,0.7226720647773279352,0.7043253712072304712,
1.69943389735972E+15,TDAP,1071,1482,72.2672064777327935,1091,1549,70.4325371207230471,6588,6589,273,1,10/30/2017 12:10:06 AM,0.7226720647773279352,0.7043253712072304712,
1.69943389735972E+15,TDAP,1074,1483,72.4207687120701281,1094,1551,70.5351386202450032,6588,6589,273,1,10/31/2017 12:10:54 AM,0.7242076871207012811,0.7053513862024500322,
